0 10
1 9
2 10
18091 3
8 11
10 9
11 7
6157 2
14 6
2064 1
17 3
18 3
19 3
20 5
21 6
22 15
23 8
24 10
25 7
26 6
27 14
28 17
29 1
30 11
32 8
33 6
34 6
35 3
37 14
38 18
39 8
40 11
41 10
42 15
44 13
45 9
46 18
49 10
50 16
51 13
4148 7
53 6
55 10
56 12
57 8
2106 9
59 6
60 11
61 8
62 10
64 10
4161 24
66 11
67 5
68 3
69 13
70 8
71 8
72 8
73 7
74 2
75 10
1908812 14
1802317 35
78 24
80 15
81 23
82 7
2131 6
3049557 10
4183 12
88 6
90 5
91 7
92 10
93 7
94 5
95 9
96 10
16 6
98 6
99 9
101 5
102 3
103 12
104 10
105 8
106 7
107 6
108 14
5421165 19
110 12
111 11
112 4
1001585 10
114 7
2163 3
116 7
117 13
119 8
121 10
122 10
123 11
124 11
125 11
126 1
130 8
133 8
134 8
135 7
136 8
138 15
139 12
140 13
141 9
143 5
144 8
145 13
146 10
147 7
148 10
149 8
14486 12
151 8
152 13
153 10
154 5
155 6
156 5
157 5
158 14
159 7
160 12
161 6
164 16
166 2
167 15
168 13
169 13
171 13
172 4
173 39
1962158 15
175 9
177 10
10418 1
182 7
183 12
185 7
190 11
191 4
4176065 66
194 10
374 21
6342 16
1517767 7
201 32
1933515 8
204 4
205 14
2256 1
6363 6
4316 10
223 9
225 5
1904869 8
1945830 23
232 1
1964269 18
1951986 7
243 15
244 10
246 18
1517815 7
1138939 15
1112316 3
255 8
261 24
263 15
264 12
270 8
1708303 11
273 16
274 13
276 5
4142 2
280 13
281 4
282 11
283 17
284 6
6429 1
2334 8
10528 2
290 8
291 4
292 14
294 14
295 14
8496 5
307 8
312 22
8505 7
314 8
1147196 3
6462 17
2367 3
321 8
8515 6
326 7
2375 11
328 5
4425 7
330 13
5470540 1
334 13
4432 5
4433 13
338 8
339 8
340 7
16725 25
1050681 2
1515864 6
16729 14
1937754 8
58 72
353 5
354 6
1937764 8
1515878 0
361 12
364 18
365 2
3799411 2
1517630 17
1139062 4
375 12
377 9
378 7
379 5
4944252 4
2435 34
2454 6
392 9
2444 1
402 3
2451 8
1110422 11
4962714 3
413 40
1515935 13
4513 8
4159910 2
6567 4
424 8
427 4
428 4
429 20
3348910 24
1085853 9
2482 4
438 8
4694089 3
444 20
12735 3
449 9
1130950 30
455 7
18888 12
458 27
1954251 55
461 7
2510 1
4562 8
467 10
468 3
20558 1
20950 12
476 4
20957 5
478 5
479 3
4576 7
483 3
1024485 22
487 13
2539 7
2130 1
1507822 11
2544 5
83 3
505 2
5887 5
85 4
521 9
87 6
524 54
8717 10
1913359 4
528 7
530 17
1937941 19
2583 6
536 7
538 12
12828 10
542 9
1803355 7
4644 2
552 5
2745 13
4315 45
12856 9
21050 29
573 3
580 13
2747 5
1141319 9
584 3
2487 13
1600076 6
4194 4
593 7
2642 5
598 8
600 36
1024602 8
12895 11
609 12
610 10
1933924 12
21095 49
4712 7
621 7
1129071 8
624 12
625 5
627 13
628 9
21118 11
2690 8
21611 4
649 12
650 11
652 4
2702 2
109 11
792 9
5460627 6
4757 6
663 5
794 6
2202278 6
113 11
680 20
1022642 3
3115702 5
2164 7
699 1
704 4
706 8
709 12
13000 4
1047242 8
715 5
219 12
720 11
722 5
1503955 10
1112789 12
1114840 8
6875 11
20602 2
735 6
1903333 4
21222 1
4948711 2
744 4
6893 21
20605 48
2801 11
1704691 4
2805 7
761 14
1141498 3
767 2
15106 3
1006038 1
6923 10
2829 20
788 11
6936 2
4890 8
799 8
801 9
6949 10
807 0
1515655 4
818 8
5083957 10
6966 10
2877 5
3138366 1
11073 7
838 6
15513 60
9035 4
2897 13
2722646 10
1702744 8
857 8
859 15
1024863 10
19296 2
1133 8
2917 2
97 9
872 11
2722665 11
1923946 6
2722668 11
4242 8
1110894 19
1710959 18
882 2
1706870 3
3113850 1
891 16
2941 4
4993 8
899 2
150 8
1969033 7
906 3
916 8
2201 10
1519 11
924 0
1516454 3
1078428 20
941 7
3441 1
8350 4
5048 3
953 4
1803194 9
3004 12
14421 6
964 5
20641 33
972 12
5076 41
1014744 5
13274 11
1802375 4
1055710 19
5089 2
994 3
1922897 7
5096 4
5098 11
5099 8
9196 5
1006 4
5103 7
1129456 5
4860915 101
1014 2
7159 2
1017 5
13307 10
3069 15
1053695 23
9046 2
1032 7
1915914 7
1035 10
1036 4
1037 3
1707024 3
4383768 11
2149 2
1057 11
1061 9
1064 6
1920043 8
1998 0
1518644 9
15414 5
11785 3
1086 29
1958001 19
1147404 2
1100 8
1006673 5
1107 7
3160 9
1113 4
1115 5
3170 3
11371 17
1926252 8
3181 2
7279 12
1142 4
3193 1
19581 3
1151 2
1969283 12
5252 0
1158 23
1070219 3
1703052 11
1167 9
1039896 2
1174 11
21657 4
3787932 12
197 5
1057953 17
1186 9
2210985 6
199 15
2208942 7
1512623 4
1922225 5
11442 7
1707187 2
21686 9
3837115 5
3260 6
1217 6
7371 10
18637 9
1232 2
1127633 7
5331 6
1925340 9
1245 21
3166228 7
3296 7
208 8
21713 12
9449 4
1259 9
1965294 3
1263 3
1154288 6
1265 2
4951286 2
5369 12
5373 3
5379 4
1707268 13
1288 7
1037579 4
14364 6
1297 8
1299 15
1311 12
1315 3
17703 1
220 5
1041719 7
1105228 6
1707343 4
7506 9
5459 3
5468 13
1511653 27
21856 1
3425 8
15714 2
1379 21
4529508 26
1504615 8
1386 8
1389 7
13681 14
1957236 5
1015163 7
5500 5
1406 3
5514 5
1119632 7
9620 9
21910 8
11671 9
15769 12
3090469 3
5120312 1
1442 30
9115 6
1456 11
21940 6
1803702 6
1463 17
1469 24
1134017 26
1475 4
5574 11
1707464 1
1483 2
5581 60
1489 11
4945363 3
4283860 2
1497 5
1947100 39
1713629 10
22437 7
1916384 5
1506 5
9702 5
10833 9
1277 4
3667 8
1056247 1
1531 8
1707518 10
1154566 5
19977 9
17931 7
1801741 5
1502742 3
1559 5
7704 7
1568 1
1573 6
1517098 21
3627 15
1581 13
1920563 9
1084989 1
17992 14
3658 12
2658 4
5713 6
7763 12
5722 16
1947229 47
1634 13
13927 3
18033 1
1711731 11
3700 3
1661 6
3124 5
952 1
1677 2
1679 6
3732 3
1955477 1
1713823 5
1928864 12
3747 2
1937062 9
3298985 12
1707 11
1711 2
3763 32
1517236 10
1713851 4
1048255 10
4636353 24
9930 8
1705677 5
1743 13
1711829 8
3806 3
1150693 18
1769 3
5023357 5
9975 3
1009407 5
2194 8
1797 16
21122 5
762 2
22295 8
4400 1
8722 17
1158978 24
1863 17
20298 1
1870 6
1108280 19
20306 10
5974 1
3711405 2
16015 6
20317 13
1937246 4
1015651 2
21613 1
3048 14
1505139 6
1703572 6
3962 3
1002 25
10111 2
1941483 2
1930 4
1914764 16
22427 14
6051 1
1914789 16
6055 9
1046440 10
8115 7
1980 2
1991 3
1970123 5
8659 5
1161172 4
1705947 2
20444 4
1904613 4
6123 5
15357 3
16368 6
14329 6
