6 5
12 7
28 9
15 17
428 13
13 14
7 9
16 3
299 12
41 9
4 9
80 10
74 13
76 11
47 16
9 13
74 10
11 5
7 16
38 7
6 8
81 12
120 3
77 12
27 9
47 5
50 10
31 9
5 6
7 14
8 16
4 5
62 6
40 14
31 9
66 10
69 12
95 9
51 7
5 8
68 10
7 6
26 12
94 9
40 11
58 8
20 7
1824 8
37 8
90 8
28 6
114 4
65 8
30 7
223 10
80 19
2118 15
52 9
42 3
52 5
6 7
126 12
14 9
79 11
399 10
35 11
98 9
28 13
1884 7
43 11
20 11
4 3
53 12
48 13
94 16
10 7
28 7
1041 7
15 14
184 12
48 16
35 16
22 10
16 4
23 12
27 8
37 8
29 8
38 8
24 12
33 6
7 8
0 9
39 6
43 14
109 9
56 7
56 12
76 8
120 7
80 11
88 12
107 8
38 2
5 3
479 9
324 11
5 5
7 13
24 7
