305065429 2
187889397 2
382177836 1
159463372 1
188456556 2
236554957 3
413839842 2
177582168 2
214220557 1
289871306 3
4769306 2
171967824 1
314366166 3
9108791 3
188456556 3
61024180 6
349726507 4
191104529 4
196057956 0
59947043 2
282459692 5
287576515 1
137608237 1
200039244 3
5268579 2
232733162 11
149322326 1
6791970 2
242344567 6
302597462 2
264239253 2
55793232 1
147752050 6
188540751 8
226498880 5
63601719 8
170069114 1
31513436 12
105436569 8
170069114 1
18157079 25
371815425 4
226162294 11
10351122 11
226162294 7
148218302 1
232733162 5
153439882 5
113896063 14
224848221 9
179150682 6
47141337 1
107748817 2
63601719 10
383781216 1
113896063 13
402669629 3
38752394 11
154024441 3
149180439 4
19146411 8
29779886 4
350351148 4
295668774 11
255963408 4
360734572 3
641428 10
258714952 6
259425394 1
202499569 8
239502894 2
397389297 12
18657897 8
252860357 9
145066703 1
165397207 4
394914906 4
11259626 2
261514731 2
157844562 20
419867833 2
53086524 10
37329380 1
78807109 6
354792815 3
160201839 1
354792815 2
1000657 4
2841764 6
354444420 7
354792815 1
100405768 18
164922016 1
30514688 9
225850502 6
153439882 2
113896063 8
35230086 11
33996722 2
200923920 21
363087618 6
217106501 9
27717394 1
182546289 5
44508524 13
283599553 5
44508524 13
83324661 5
44508524 5
422657449 8
6165814 4
139682463 2
309015528 0
221888328 1
391314545 3
152530229 10
320793820 12
45910761 1
51605767 2
4716128 5
211423950 8
178442602 5
82975552 9
167274667 4
353095343 2
45568972 1
400340701 1
41050360 1
2123163 10
250193323 4
345586701 1
97634259 12
123869614 5
221760420 1
86937445 12
173189306 10
33386481 12
222536367 19
86937445 6
23181194 89
86937445 13
173189306 8
367521731 1
23181194 17
179143361 3
253495851 19
116237345 8
9785700 14
179143361 12
23181194 47
51552109 7
5556246 18
132700389 12
9785700 5
270726040 4
179143361 3
263550125 6
179143361 10
82975552 2
174859238 2
3399398 1
92419590 3
145066703 4
403358909 13
3399398 16
310971030 6
303521291 4
56320045 4
292286986 3
292286986 13
3399398 25
26272677 12
292286986 8
26272677 7
145066703 2
292286986 6
3399398 12
23181194 17
33996722 11
16151229 12
32444368 6
145066703 11
54953182 6
145066703 14
55793232 27
3350768 29
300534687 2
79613394 5
35322511 14
37059928 40
162437522 4
140421486 3
244018144 4
374433972 9
337462244 13
86937445 6
148221858 4
322155292 15
320793820 4
256268034 9
118756019 6
43717735 56
191810993 2
212467517 6
212467517 79
159651917 11
98641007 30
145066703 27
746713 22
111195970 8
2933545 6
11259626 3
81745881 37
126156106 27
55799834 29
228534677 2
10864885 9
283267430 10
31923480 5
333475993 4
424015727 6
393409558 2
86937445 8
20486232 3
233406097 11
424015727 13
49082306 13
19293796 15
393409558 4
212467517 5
86937445 11
424015727 12
6425404 9
18759537 8
203523702 12
86937445 5
405804016 5
86937445 1
205333786 10
86937445 2
86937445 6
6425404 17
3062301 5
86937445 21
6425404 8
68562543 11
2136219 15
989661 23
237693753 56
248907886 34
141336937 1
16917683 16
141336937 11
141336937 5
248907886 28
419867833 4
388686464 10
56638971 4
6425404 3
56638971 37
237462129 23
203523702 26
14759603 11
6425404 4
6425404 5
42229547 18
378296046 1
162145613 9
6425404 6
66454377 23
41003229 16
6425404 1
6541118 34
6541118 11
303937806 4
6541118 7
308285 6
197602490 1
24479139 7
31987555 1
989661 19
145066703 18
205777019 3
83627143 60
123124138 18
221913652 3
4400660 42
80951031 4
56638971 30
196959974 8
17134039 80
183673132 4
60540362 25
56638971 9
88383061 6
60540362 73
1101604 4
354408408 10
18087138 7
214299288 0
421280278 20
50414195 3
56638971 7
16321896 1
298361533 2
55575232 8
2823723 6
50906166 5
236731897 14
145066703 5
109828457 6
11845345 18
18570777 2
387724497 7
77626152 43
158252236 22
24436836 15
236731897 9
387724497 7
236731897 6
158252236 11
18239484 1
145066703 27
387724497 10
236731897 10
387724497 7
236731897 14
348842257 16
158252236 17
387724497 9
236731897 13
387724497 9
236731897 17
1813145 12
387724497 11
214581631 18
387724497 9
137985303 45
236731897 18
387724497 17
37887368 3
173504265 13
27638237 3
42958437 5
1813145 14
173504265 6
387724497 6
387724497 8
236731897 6
181644276 13
387724497 14
3699949 3
236731897 17
1813145 18
387724497 10
236731897 10
88900967 31
236731897 11
1813145 33
387724497 7
173504265 9
236731897 2
160482336 8
387724497 4
1813145 32
387724497 5
1813145 5
6463845 1
387724497 12
88900967 5
1813145 19
387724497 4
161313464 3
25680916 5
387724497 6
343169417 9
236731897 8
202371360 6
1813145 60
98636269 25
387724497 19
387724497 10
387724497 8
98636269 2
234175410 1
387724497 13
1813145 55
387724497 10
1813145 8
387724497 17
343169417 28
18021849 6
250936825 48
18657897 8
55828011 39
299940691 2
160406337 60
158408799 7
18657897 28
27305835 13
27305835 8
10021742 20
160406337 28
18657897 74
65361130 4
12360826 3
153039833 1
41569078 3
320322464 7
183090942 1
145066703 5
91230939 2
18773663 2
418459424 1
170380513 1
49797331 10
181710170 6
363081768 22
212869296 2
20759804 1
404611182 1
300421399 2
425841345 5
263038049 6
3204422 4
24567656 6
95069281 3
158408799 8
54407506 3
378436105 2
307718359 3
228534677 1
149723493 16
5463614 32
349825826 8
57301213 2
67211856 5
21681384 4
145066703 10
176759610 5
5463614 88
5348072 1
416676523 23
5463614 42
416676523 33
170676369 7
213654797 7
213654797 20
160060528 1
22384328 4
650979 1
427419 3
155946572 1
187761719 2
382347611 6
191519572 2
382347611 2
191519572 10
382347611 6
13863709 1
132342213 5
401683954 4
148533308 14
6425404 2
147983192 18
141076083 17
1864408 2
151669447 1
90394279 18
18129473 17
225181543 1
411926689 23
163321084 29
32445733 11
15605130 6
159633841 3
3030980 29
1565326 4
155669268 22
295410634 3
261904342 7
166903071 17
423942621 5
27155785 10
39745586 5
50783959 6
159975646 12
85375814 17
86937445 42
86937445 8
163321084 27
86937445 48
86937445 5
159975646 9
23267066 8
126897015 4
86937445 17
68030690 2
39745586 8
85375814 14
166295155 6
159975646 11
86937445 6
73696124 6
142332666 3
207163554 10
212368493 8
153778828 10
12524190 11
32124701 2
185957830 10
420339183 2
159975646 29
237462129 96
83512613 2
143322975 1
8220753 6
150919711 12
162145613 12
162145613 4
29824495 30
13385508 2
153778828 2
360988317 1
378794110 29
98641007 11
237462129 36
55793637 12
126111212 5
153790985 13
2313360 12
70625167 13
11121347 3
181054761 11
6425404 3
13902815 1
5090967 7
181054761 14
354935379 44
357183625 14
85795921 20
141049731 2
141049731 2
146418621 8
80788475 13
60428564 14
36398623 18
83336300 4
6425404 18
10551976 6
235269191 4
214299288 2
19747536 54
6425404 13
6425404 3
235269191 6
405894490 15
120039595 4
405894490 27
205837979 2
151797138 6
386632141 1
152368227 6
81133446 2
68797472 14
2470456 8
5933724 11
217085831 2
59355600 4
145066703 3
8425180 5
59355600 3
96019596 1
59355600 4
6805094 4
267828 13
7025790 26
242985151 4
45979583 9
41151386 3
12319191 2
90394279 27
324714663 2
202371360 4
85600377 6
7025790 25
90394279 19
59355600 3
153275781 6
45979583 6
59355600 7
6105580 3
6105580 6
3938809 2
54002614 3
95112871 0
338454064 5
864280 1
48389506 4
59355600 2
308704931 21
145066703 6
59355600 11
3062301 5
151719720 11
51131646 10
51519014 3
5899382 25
225452866 8
225452866 2
86947842 49
384466363 2
179371564 3
3371761 1
4006504 3
64217027 4
141049731 1
339670853 14
147090289 2
86947842 27
87392678 20
28643771 12
180032559 4
349400181 7
86686810 5
13332923 4
339670853 29
86947842 28
55364313 15
206781288 3
99177488 15
41529154 14
41529154 0
165762643 16
1660483 43
233642964 17
28383708 6
19195504 7
19195504 8
373997276 7
236059247 2
152368227 9
339670853 17
264590958 8
96887560 4
122436 2
214299288 8
19195504 8
221148626 12
154054073 26
26729425 2
18345345 18
150294564 33
420358169 5
27720551 3
93886697 5
332365869 3
211744818 11
117991035 8
86937445 5
229079495 5
6161417 6
377197691 5
24567656 3
2482185 4
14267049 5
89375775 1
328973193 6
102118889 1
141336937 10
64037479 10
77461909 13
202247860 7
329543971 5
77909360 2
254088703 1
70625167 11
7168322 23
72806162 14
72701474 10
285238654 0
285238654 6
119795643 15
285238654 21
420339183 1
2482185 25
39107076 14
60086546 8
176028876 11
15810441 5
32068334 47
88931247 44
103904873 2
88149396 5
15023533 11
424015727 11
24042653 7
161622271 1
25816820 11
204016611 16
19930208 14
93487265 1
209959529 12
10207086 5
213564524 4
297945925 3
56320045 5
87757360 4
299942993 2
88149396 6
56320045 8
376961423 1
91246826 13
218043988 3
58723679 20
78943908 1
88149396 22
21215946 12
32039233 0
56320045 8
167375388 9
230038786 34
207935527 1
5334036 14
6923049 1
332961006 10
271235 39
335069316 4
6309643 2
131633137 10
116539789 1
183218725 12
94013363 9
19237651 51
81361173 111
55793637 4
6405956 5
864280 14
14424581 15
187052041 7
187052041 6
147788403 9
78943908 10
15043688 16
65827419 12
278805447 6
240799203 1
113478492 11
16328001 44
166720608 2
214274332 7
81361173 11
95108032 13
151914173 12
278805447 2
16321896 12
350320844 16
359718324 3
138322628 20
8203479 5
124161103 8
160464500 17
126156106 23
371039564 7
189637054 5
160464500 4
382433859 3
210594005 7
210594005 10
105308324 3
35322511 14
88383061 14
88383061 13
45811408 6
88383061 4
45811408 4
88383061 11
45811408 3
59500934 11
85229292 10
135959960 2
232283932 16
219521787 6
101743044 35
324777962 7
322277594 15
76288939 6
51089017 6
235269191 6
51089017 5
58256731 3
51089017 7
235269191 9
42958437 7
290500199 5
140419660 1
11259626 9
202089774 2
11259626 6
43482480 6
83336300 8
273867627 116
216681443 3
208666 4
26272677 15
158675294 25
26272677 5
382347611 11
77580005 2
145066703 5
382347611 12
245158696 9
140289989 19
261577241 10
150900968 4
313744837 5
50395145 3
90307308 9
12482690 10
236899509 1
111451424 8
11845345 14
111451424 13
170780632 19
412093484 4
33622842 21
33699566 17
18581591 7
33622842 8
108109841 8
188343121 21
41584064 3
200137612 10
33622842 12
7454716 17
341472882 5
7920955 17
139540 8
14164765 8
145066703 10
349543801 6
241519074 18
37500569 6
74472774 10
50395145 2
24091344 11
284337282 13
261577241 68
10021742 14
138322628 10
322155292 8
229474315 2
7920955 5
241519074 15
87648023 1
138322628 5
24091344 29
161509930 4
70596450 9
34561705 6
235519749 9
71424917 26
88873618 4
56348661 6
82608290 7
412093484 9
41372273 7
38959102 10
88873618 5
156860727 7
235519749 12
38959102 5
82608290 4
112115181 18
24091344 13
412093484 15
261577241 27
156860727 13
235519749 6
38959102 14
88873618 14
412093484 13
365585988 0
24091344 16
199618260 28
24091344 7
38959102 19
88873618 16
390019241 25
9191077 2
390019241 5
24091344 14
390019241 10
40975874 6
64082404 1
114826247 11
13092460 11
99250356 5
24091344 11
140008334 10
16321896 7
199618260 32
390019241 9
24091344 2
294137614 7
145066703 2
9256482 7
99037770 5
365452752 4
202367324 6
10021742 21
71424917 36
71424917 8
154358118 15
84724352 13
145066703 6
267828 32
297542869 5
145066703 15
135863776 23
6858355 3
194882660 6
145066703 2
293380652 7
31627182 23
154358118 13
145066703 6
180516824 1
364580185 2
32158535 10
30270140 3
123984780 11
123984780 6
211220532 1
37305255 8
45979583 12
39449711 9
422012061 2
30430763 0
49082306 28
422012061 3
2606303 2
12557733 7
267724022 9
259518916 9
89645625 17
241519074 0
505054 20
152257632 1
65677554 14
12937634 11
306900804 7
9090635 16
37305255 2
95108032 5
16321896 5
176598757 16
182491850 14
218343792 5
176598757 14
183791658 2
287457219 24
83341514 1
73900347 33
16865481 2
247257346 10
14759603 8
82151122 10
180516824 3
3892673 12
3892673 16
9090635 30
103618751 12
37305255 32
192289850 6
108716345 34
267828 79
108716345 75
267828 128
108716345 165
108716345 49
85066967 8
267828 9
108716345 66
267828 36
88595487 6
58101243 5
71336235 3
201202496 17
17802226 2
53532084 7
13359460 4
274752412 10
134859373 5
65978084 5
65361130 5
274528949 1
212467517 5
7307037 6
36842154 28
200775515 16
83374429 7
274248099 17
165188831 5
3203295 17
156774394 5
157698785 2
177447711 8
116103095 1
256355832 10
36842154 6
135754873 12
398267007 25
191810993 7
191810993 5
425060129 16
135754873 11
49082306 39
145066703 38
216968040 13
145066703 14
49082306 27
191810993 6
280476352 6
236899509 2
188209391 8
280476352 4
9704236 20
278805447 11
188574888 5
147299036 120
278805447 8
58889513 30
19147525 11
212157 15
278805447 12
212157 5
278805447 10
898539 4
48159481 18
214581631 3
993218 2
363087618 3
21877173 7
236019290 7
188523127 4
22046428 12
301498518 6
168848281 10
145066703 4
379090547 2
365585988 1
369611554 4
69092086 4
145218904 4
273443268 6
16546 6
25856273 17
145066703 10
25856273 18
145066703 3
25856273 2
70596450 19
297787164 7
25856273 17
13856155 11
76939374 2
86937445 45
324526495 4
27044504 11
650979 5
199749631 6
3157249 1
221084872 6
324526495 22
11301359 18
8455213 7
32880835 2
832477 1
390019241 8
165862156 3
86937445 8
14759603 12
116237345 8
390019241 7
88679179 4
116237345 2
85314035 10
148251322 5
351194561 7
9332429 8
41480378 13
39116637 9
69633181 8
38956736 4
193809312 8
151556044 4
166084620 1
19699502 7
18759416 1
137376423 32
189570341 1
361493113 5
178469597 13
25394230 4
73936905 23
153790985 6
235519749 21
73936905 9
235519749 34
174974327 5
206781288 6
174974327 26
235519749 30
174974327 30
235519749 18
174974327 19
143322975 72
10021742 17
194501922 12
248600094 12
153899980 12
153899980 28
14584893 32
1744284 7
54981024 12
26065030 5
219687055 6
4703263 36
28383708 3
352336984 1
187193568 1
248600094 10
18626264 5
211744818 9
207111086 7
49344620 4
7348590 3
100349295 3
111485997 7
100349295 2
400970247 6
53251393 3
88256797 5
19024127 3
279299346 3
391436054 6
53251393 3
64225068 7
53251393 2
100349295 6
400970247 6
51068703 7
37573281 5
269236170 5
34447236 4
9823011 6
4622040 4
284436682 2
16713903 3
27508081 4
70052893 2
117770495 5
70052893 4
90925137 5
24881762 6
167173560 15
49082306 3
259697720 8
110733287 0
173012290 1
351194561 7
248907886 10
423611971 1
238102149 5
225145274 7
254790263 2
145761799 1
297542869 4
141194682 15
129437717 1
207163554 9
36281502 6
93301807 8
59954852 3
92277528 6
88683610 11
145776381 6
34139056 1
1669636 7
265562734 15
139682463 6
34139056 7
194866719 28
245797478 3
5948186 3
266247213 11
132695011 19
194866719 19
95538785 7
65015861 11
139682463 13
245797478 7
28643771 6
366550834 8
294039186 16
132695011 20
392340786 6
132695011 16
18013961 9
31977267 1
63601719 21
3235613 13
132695011 25
2980985 11
425060129 8
399921 12
338813676 5
212429507 13
399921 14
1843166 4
212429507 19
400289 41
141277887 21
400289 25
141277887 24
400289 87
32677774 92
400289 25
4534664 18
105438301 10
186226520 14
208073185 11
203321493 8
28540134 21
7157191 44
58889513 17
64639169 40
7157191 11
64639169 5
64639169 15
89375775 8
203250911 3
10875919 1
51259393 3
11819995 13
205146311 19
205146311 12
132695011 19
132695011 18
58889513 22
132695011 20
58889513 23
132695011 30
58889513 17
132695011 12
143637245 1
425841345 9
263057517 21
317454321 6
204691 14
157112490 1
380445722 1
179900129 4
200453726 8
370873796 10
120972866 6
65261696 5
170887008 3
224900381 3
31294301 8
86686810 1
108220359 1
184850477 10
82151122 11
314978619 1
91865393 1
170887008 30
215435203 2
113450578 1
294605837 3
82860875 7
91865393 2
243933094 3
201202496 7
170887008 12
91865393 5
16680906 6
335575568 7
170887008 5
76774631 6
135754873 3
18798922 1
379822190 8
7152176 14
170887008 23
11703408 4
322592404 2
12557733 1
194737320 7
38190308 7
189860980 16
43882841 7
224297508 13
107075413 11
1084047 12
13511538 5
103980750 5
69259810 4
265454131 11
16772525 3
170887008 9
35621694 9
341710587 4
96827997 8
189860980 21
86012963 11
36842154 37
170887008 41
1179575 7
157844562 12
286292565 13
74033085 1
65261696 4
157844562 3
311039804 1
141108596 1
140371252 3
140987304 9
180235473 2
132952885 16
62053040 16
379003896 3
14793543 9
141592843 1
329718614 5
329718614 2
170533954 2
306125954 11
169892730 8
308196352 3
77329701 1
290624341 8
34439060 5
341472882 21
121858774 3
158386291 4
400072690 3
253790499 2
2838193 5
131504555 4
116237345 12
423375758 9
174134176 10
182145031 27
43882841 12
152512497 1
84945779 19
181070898 3
273975618 5
31202434 13
25879234 11
61060409 1
184087800 3
4675013 17
4675013 4
13523137 4
37908554 14
88679179 2
138938682 1
363081768 46
70145288 12
297662186 1
127390994 7
240617156 4
385349388 8
4622040 11
4622040 3
81447671 9
135389937 13
10779629 2
49235093 1
62028302 7
126358609 8
242667053 7
180235473 4
110913517 3
183090942 8
303704994 3
83341514 12
303704994 2
64530448 7
226823295 9
6055668 6
202923845 9
64530448 25
135937124 13
404534225 2
20046658 20
57301213 8
11758390 10
221023361 4
320222432 1
74975784 12
233811009 8
400970247 5
186802575 8
306696909 5
289663369 6
11758390 7
1719528 3
233811009 16
269883513 20
182344901 6
11758390 16
199507634 10
214586236 5
85523915 9
233811009 14
215263222 11
359129027 4
11758390 9
356281226 2
116237345 5
349253127 4
8769412 18
392438853 14
71581704 8
156899496 4
322861905 5
148237250 11
203718286 5
164625096 16
179516773 21
364643834 7
179516773 6
11758390 5
322861905 3
359129027 4
18657897 26
179516773 9
269883513 22
5679965 26
179516773 11
18431976 5
282377464 2
5679965 12
217919475 40
147445378 7
181010264 16
282377464 5
6552084 2
5679965 12
63589855 6
177825890 13
269883513 13
179516773 8
5679965 30
181010264 5
177825890 13
179516773 4
169156674 11
5679965 40
10638067 11
399448950 23
177825890 27
5679965 13
8161326 74
177825890 6
5129755 9
123004217 6
80788475 10
34142356 11
80788475 7
34142356 8
80788475 24
34142356 17
12197007 1
192956947 9
230337112 47
1698262 16
11758390 6
80788475 12
230337112 5
358323200 18
243721221 18
1854846 5
40290442 3
1140610 20
1765710 21
1765710 26
1765710 8
318157701 10
354400758 17
354400758 12
435701 13
65289730 8
177095954 13
139467864 4
178486916 14
139592701 1
237588504 1
305110414 10
188065107 4
290841891 3
188065107 10
365141676 2
243701004 1
243701004 6
243701004 2
181388491 5
5481009 5
176416437 2
187761719 2
267685689 7
197136786 1
238931819 14
374873582 5
350906502 16
171853319 5
180316104 12
11677429 7
215263222 13
203459176 5
158589460 6
179516773 8
145066703 5
370734720 27
6624677 3
197136786 14
143688605 24
145066703 3
7135799 6
23742022 16
17437032 4
179516773 11
350906502 11
179516773 22
354424676 2
158408799 10
23432310 3
10532375 14
20741076 21
181702862 8
140997811 8
63760132 69
150899573 30
493457 10
184520740 16
355244281 7
306729156 10
179516773 3
31031060 6
4622040 55
4622040 7
246113675 4
83496125 26
421753378 7
157385257 8
423942621 15
4622040 3
268397015 11
157385257 10
4622040 34
157385257 20
4622040 5
4622040 15
54981024 18
178167647 12
301552245 8
308606187 2
159044050 5
346983502 2
311902561 1
182546289 21
14728218 2
49915600 8
77601116 12
308606187 14
49915600 24
99177488 7
308606187 11
237588504 1
244905588 2
169000520 1
99663603 3
209377815 11
232000587 1
92102340 3
2256065 13
919443 7
20939924 30
34447236 25
4006504 4
145066703 11
134842690 17
51844555 8
34447236 12
20939924 30
145066703 15
20939924 5
396734506 6
209377815 8
199618260 13
164841488 4
239309990 15
84241237 3
20055071 16
56348661 7
21580738 14
245797478 4
134654595 3
19445469 7
367023204 11
179371564 1
144085491 3
5344814 3
209169099 18
263184745 2
139603824 4
340942199 15
97800937 9
123583201 32
123583201 10
367023204 17
367023204 7
123583201 27
367023204 7
106575063 6
216529646 19
130999563 10
56247887 1
161048311 3
421484506 6
36274266 6
172627028 0
229474315 2
268227608 4
138114091 0
333475993 12
107701310 6
50990858 5
128094891 2
4776123 13
241519074 3
319346235 8
6301006 9
169000520 3
94466490 1
241519074 5
92290047 7
10858784 6
147894878 5
11115945 6
417005946 4
180418179 8
351055008 9
229474315 2
63636636 7
351055008 2
100740744 6
283772516 4
182466866 2
175928297 6
11259626 2
253426749 2
377252164 16
3480828 19
3480828 5
289194050 2
181702862 1
174194845 0
346971995 1
63846804 1
37184940 5
122768595 2
299856920 4
298979842 8
97217348 4
126712168 5
44009130 9
28581326 7
7604115 4
13511538 4
88254628 7
49040039 19
34184318 7
203137161 6
203137161 2
15151828 21
12524190 6
15151828 11
273050493 15
273050493 8
308599729 5
139406381 2
293770314 1
134842690 7
23181194 7
2638441 5
171866958 3
6903290 15
32931858 16
305061986 1
73857859 2
320161695 5
8997186 6
160135463 6
12826946 4
192061399 12
425888768 3
414251673 4
4720180 7
55876622 13
65338 2
145066703 6
172703804 1
145066703 3
121430346 14
293380652 24
55876622 12
224979933 3
83341514 5
30514688 14
391205612 1
311096655 12
289194050 2
236565470 8
6454035 3
170953236 8
61237159 7
69783679 1
32982493 9
161255705 12
274752412 1
49568283 14
158797300 2
255043266 8
11321024 42
83501303 15
4408797 11
140555926 13
270349746 2
4408797 14
20077364 2
105884439 11
19809379 12
12668048 12
206828908 114
3235613 22
105884439 4
65338 7
48731618 7
11321024 6
48731618 18
30082687 15
11321024 47
208158051 5
241172787 2
219353279 10
176494880 0
10544261 6
48731618 13
11321024 26
65338 3
10544261 1
30375728 1
420053583 1
2466994 2
31161174 23
81050768 10
4245912 1
50031219 46
278276406 19
11321024 17
249981268 2
28760919 8
5404414 14
50169488 3
49082306 7
278276406 14
14424581 3
64370042 9
15402495 1
219362707 17
33993828 4
278276406 57
380546537 7
54385102 6
7725502 19
184760948 12
19481665 8
155775566 3
180146550 4
373439445 3
28656690 6
253994662 3
88383061 4
28656690 2
156774394 3
245341074 17
135754873 9
28656690 11
109807969 3
191451062 7
300282917 4
245341074 9
109807969 4
185041877 5
361190425 3
286946466 1
7645430 6
86937445 17
185041877 4
181069768 1
18657897 17
13648535 8
57827066 7
230898215 7
423942621 11
3038673 10
4361048 11
392340786 9
389251471 18
316563051 14
23229099 14
259644937 4
893635 5
399448950 5
235459835 6
6752740 10
90057942 14
5881822 5
85825008 2
8972329 5
234837338 9
67307523 5
293380652 34
2904106 2
326349318 2
94533948 5
36770430 11
11991286 67
8972329 4
188153342 27
80564732 10
149472026 2
316563051 7
297829631 2
18224304 6
269441473 8
11991286 19
11991286 7
97983745 3
2627028 13
200133843 8
20940383 4
47094389 4
66411997 4
168101662 3
420339183 28
163595330 6
204519427 8
20939924 14
55544796 10
49075515 9
49075515 7
281914662 44
152229490 8
77540118 4
179371564 2
106300758 16
160679961 1
396734506 7
64579346 28
20939924 24
213997000 7
115050785 3
62166883 5
361190425 5
88679179 5
139791958 7
84923533 8
351073889 6
84923533 4
1390298 1
25289369 8
345586701 1
15854812 6
400105723 6
166102276 21
8458211 12
16321896 1
341943766 7
6719015 4
15462597 1
149472026 2
12778644 0
73603833 7
14762971 3
84622732 3
373223509 5
69230642 9
264589809 1
148187615 13
20334325 8
140842641 8
288186081 3
17887045 1
3501191 14
266247213 6
205146311 32
205146311 8
205146311 11
123124138 6
123124138 10
81983798 2
187879041 8
4636039 35
34716092 3
205146311 23
43284028 13
4606071 11
123124138 25
123124138 13
266247213 13
4913131 42
4636039 36
123124138 12
349208145 15
123124138 13
34716092 21
10632926 3
349208145 26
233256632 7
236554957 7
145066703 10
21446961 19
123124138 40
119370519 12
32227846 8
28049949 13
173286239 1
119370519 4
119370519 1
203321493 7
108905557 9
51595427 5
215779676 7
119370519 6
248907886 13
90722152 3
70625193 13
160475223 11
39901015 84
205146311 26
39901015 76
205146311 16
39901015 39
415207007 4
110844915 8
99118017 7
232486971 5
16321896 2
341943766 14
196261908 20
29943266 6
90127077 5
47761797 16
120620296 45
21446961 9
263057517 20
20229044 36
47842271 8
2207540 8
267828 5
276768611 6
132695011 7
2716348 7
296206543 7
164543310 9
3038673 25
6376536 32
166148809 8
73904677 11
164543310 19
338454064 22
6392118 12
3194761 5
164543310 3
73572210 21
256388928 8
338454064 13
14122171 9
48390881 17
177429115 2
386498989 4
48804166 10
12759134 3
338454064 28
94693413 15
48804166 12
55431044 26
14122171 52
278343506 9
48804166 9
267828 11
278343506 8
48804166 34
4622040 23
9335665 5
14122171 13
21665730 34
3038673 23
174683349 11
295253985 7
4622040 18
35141322 8
3038673 25
48804166 42
19791638 9
4622040 32
214870780 1
13249059 6
19791638 3
21665730 22
9732480 23
238102149 1
132722115 18
19329808 10
48804166 43
48804166 11
415135 70
14122171 21
48804166 31
166349923 6
48804166 22
415135 15
415135 10
124391759 22
14122171 10
415135 7
14122171 17
415135 7
21665730 12
21665730 7
48804166 24
53195450 16
435701 2
39491608 17
864280 63
88595487 28
14122171 33
7865455 33
26829652 45
864280 18
864280 7
24567656 6
10314565 21
415135 28
166940207 13
55675899 6
287187871 3
166940207 8
287187871 6
166940207 14
175692321 28
142093973 14
38470207 5
8263549 11
2112122 33
48804166 21
331697749 34
19782849 3
136286724 6
4875285 1
349771 8
216300956 4
80787928 7
50344793 4
69856351 4
349771 15
141324187 2
831596 1
111212629 11
250040294 3
247683318 2
5556246 2
260528780 4
283152423 6
245912280 3
236397865 3
3038673 7
271883442 12
44072033 2
232067 3
14365840 1
34057453 3
157394586 6
33208759 7
82511159 4
394421085 1
265765211 13
219409767 1
115483914 6
190955681 6
33208759 11
265765211 4
265765211 12
283686763 6
265765211 3
265765211 9
283686763 13
265765211 7
283686763 9
265765211 11
190955681 3
265765211 8
5091502 6
265765211 7
414051464 2
134089321 3
171323997 9
184818288 1
321836819 8
138654800 3
159902745 1
361785295 0
143717010 0
344096265 1
354940339 1
41101333 2
344096265 2
208804765 2
70625193 4
409000203 1
169000520 1
1734300 8
50344793 6
270726040 0
133343622 6
378020143 0
254234495 4
111448169 5
139722582 3
234873244 4
139865772 12
126644221 1
225957196 2
157698785 6
103317103 5
123391082 5
64770291 14
3664185 2
129437717 1
269663660 3
306610832 0
104370799 5
116103095 5
14082882 3
186978568 1
11651602 8
157698785 11
157698785 4
193942234 3
222583023 5
13572009 5
61370982 9
77796781 5
47863930 3
171521488 5
359180768 32
230764898 9
58997585 3
12586673 6
20076200 12
83329533 8
6161417 16
188615183 1
225078143 8
8974596 11
113364873 5
32180375 17
66583329 1
27120911 3
50169488 38
158530660 5
12586673 8
253994658 2
267564036 1
5200930 3
55876622 3
154271213 5
41578390 11
20256456 12
22760466 12
40378858 14
328300424 8
101905799 6
42621269 6
151020064 11
113896063 13
50435625 33
113896063 8
165130859 9
165834381 28
119907394 2
281209838 16
50739379 8
326063602 10
133062160 1
81691358 8
38722396 7
73123898 1
139897254 5
80719484 2
139897254 3
15667111 6
208335698 27
368003100 0
42329613 11
368003100 7
111899334 12
81150678 2
910069 2
208335698 11
360131650 2
54365938 7
24561057 5
338444860 12
19168894 16
2501633 3
145066703 13
270042604 8
204883872 11
54365938 14
361785295 0
19168894 15
10035101 5
9275781 8
224297508 1
14115323 13
211630034 37
54365938 26
9931544 24
151828568 37
213746948 20
19168894 9
44072033 4
54365938 60
174287763 21
211630034 20
16264436 19
114654341 12
211630034 15
160910870 12
114654341 26
219687055 11
93561405 10
21534480 15
40290442 13
98020477 7
18657897 17
15236088 6
307908122 18
54365938 16
65771457 7
307908122 12
4427241 16
65771457 17
307908122 14
86507447 16
132585730 12
323483543 13
323483543 15
19724672 2
364800210 8
75654971 20
94123325 4
80247925 2
102274523 5
181247972 6
17887045 0
394984452 2
175019800 4
260314904 9
243164638 3
18301612 6
78611166 6
283267430 4
18301612 5
270883292 3
260314904 12
205777019 4
283784027 6
323541471 3
5119424 20
216282618 4
49050504 3
377197691 3
18744363 11
395336523 2
63140926 3
85795921 10
178002289 11
147831974 2
319499542 3
68222998 3
77318124 22
156882462 9
8507580 6
54320044 8
41480378 17
208003477 17
285912998 7
181247972 3
175019800 3
340850677 8
147905788 6
8240972 6
167902572 3
206815 2
5119424 11
105431154 7
226823295 1
156937493 21
366557848 0
5119424 10
56160714 11
136649110 18
284066124 11
296614647 5
113413327 6
45451914 24
272652566 4
345086855 4
12522476 5
33771762 11
238102149 3
17525814 1
345086855 6
19187575 11
194960486 5
154568469 5
135533958 8
119016214 33
418806479 6
306610832 8
3887540 1
135481066 4
11463474 8
393923588 20
372728331 7
260459449 9
110601890 1
156937493 12
77318124 14
51862531 4
208003477 55
57837846 44
128094891 20
52951819 2
31460138 3
11677429 1
396366612 5
105431154 17
174022096 30
117657069 15
182201715 20
283784027 6
341710587 10
77318124 15
75880159 13
35181033 9
105431154 14
10493469 14
234832103 21
283784027 10
30423821 3
202831955 1
173989304 6
152714556 2
203568528 1
200996496 1
180413966 1
200996496 0
8181076 10
74928926 6
25107240 3
244990721 5
219163051 27
237588504 31
237588504 6
212467517 2
124255430 13
86937445 9
371450701 2
219163051 13
187240735 3
194632338 10
53228781 18
212467517 16
366557848 3
248015032 10
107855204 8
301160927 1
154279762 3
643259 2
167148077 5
345731927 9
328641559 4
401229657 72
839638 13
268908366 16
44366034 4
51982837 5
418566502 12
53228781 16
246238561 5
230982912 2
203568528 2
268908366 13
230982912 2
203568528 8
182826206 14
230982912 3
281761403 19
203568528 9
203568528 6
367743097 28
248015032 23
241802935 29
367743097 13
126156106 9
252111187 20
21176512 12
281761403 39
31507419 13
178609194 5
225825235 3
235323927 7
84543403 13
381362675 1
31507419 2
265465475 17
4818864 28
316563051 4
176575292 6
265465475 9
316563051 5
393294878 11
178994225 4
119422389 1
58612525 31
65541932 8
95108032 7
168766897 3
70145288 28
96503527 13
159898692 6
325876300 1
374671328 9
525189 20
9565619 10
525189 13
336894773 1
34619076 11
41578390 10
192134034 2
44564624 6
372178032 5
204519427 8
611821 1
4923051 11
410394952 6
167148077 8
82212623 36
118459487 14
410706660 2
283358004 7
154293124 2
3128177 13
293770314 7
70376679 4
16131476 6
228534677 6
64537185 14
29210419 7
183322583 13
283358004 17
3128177 5
51371362 49
183322583 28
164539705 1
60911184 26
3128177 8
176638564 17
4913131 23
332933476 6
138943941 33
3507459 11
18657897 13
16131476 18
159898052 8
81227181 5
224104624 26
84506209 11
144344150 7
166282184 15
386296522 20
70625193 3
72217404 7
296449142 27
191028609 6
37184940 9
11873913 2
139467864 8
420339183 3
12319191 11
105438301 16
142850569 6
2429653 8
425060129 7
126156106 3
155537307 8
235459835 2
316589556 6
155025315 3
132671586 4
235459835 10
24104157 24
315664901 7
85082996 20
170982054 11
95108032 11
309700938 16
218167184 16
67946864 27
218167184 5
67946864 2
235269191 40
322733482 2
357148220 21
7861417 5
82206359 3
62850383 8
82206359 32
24033798 4
425060129 10
16600561 18
177507391 6
70819221 19
225446244 5
182826206 3
16759930 8
279525087 9
12279167 7
184569461 6
181394009 3
12279167 2
184569461 12
99177488 5
254006396 12
67711461 11
308570874 9
173286239 7
13483095 7
256695606 10
35013668 6
8586849 4
314383365 18
16939239 16
158408799 4
177507391 10
16939239 8
158408799 25
16939239 26
362109057 7
16321896 7
5404414 8
15000942 9
63030161 10
274086 2
160910870 3
12023060 3
216378254 5
139050602 29
11521590 8
249940288 3
87048626 1
216378254 3
249940288 3
61710560 5
138863744 2
154568469 5
145466254 3
61710560 3
159122962 10
86937445 5
282257355 16
393742 8
145066703 13
6227628 4
49076836 6
2771080 8
306981434 15
94851657 22
239655546 1
70916308 10
401243964 5
362900896 1
94091163 16
273912252 15
22492615 8
265454131 5
39107637 5
274752412 8
304882157 5
221023361 4
1051137 2
292286986 4
82046448 6
413456366 8
82046448 5
147854200 5
735200 10
40365702 3
37310299 4
214299288 9
278383626 1
76810817 12
4156452 5
331050673 2
32150811 3
420339183 5
14266572 12
289678871 3
107075413 6
94862843 7
17407153 9
177821216 23
252313549 31
397164135 16
77601116 4
16321896 5
202844798 2
20356509 2
34184318 4
142723687 11
13511538 2
415181439 8
375883331 8
101743044 13
301552245 12
258714952 7
23090648 11
425060129 4
177447711 1
239436861 5
145066703 7
239436861 9
152069496 3
3245513 5
82608290 4
139421542 6
13401497 6
39449711 1
52397904 8
7926840 2
124291064 5
138073745 15
223267170 2
223267170 2
174690485 8
295813187 8
201454925 9
5066160 4
61060409 3
18173032 4
270710565 56
1946683 2
13401497 6
295813187 11
83329533 9
13523137 3
13401497 44
36281502 11
264692599 1
304946861 21
91389252 5
248011311 28
181069768 1
384900519 5
341943766 2
384900519 2
384900519 8
318214123 2
283772516 16
38121302 4
13551464 5
139051781 1
321350250 14
3641382 2
104366822 12
146955133 9
62867863 2
103467056 6
202728564 1
21560228 1
45128989 6
221513374 2
140523673 20
111689668 5
70376679 7
175052536 9
111689668 4
127772549 5
1288680 1
190724521 3
100098663 6
13032698 10
32125219 4
93773877 9
274426276 2
3038673 2
10357291 3
138316292 1
311092595 18
299942993 4
17401914 2
22120759 5
71460431 10
249271167 3
260528780 5
259989 9
97109119 3
175052536 4
88254628 2
212429507 14
311092595 14
412826029 11
289663369 5
39300435 20
111689668 3
5963437 35
164836983 34
12285220 6
202247860 2
48335356 9
4797943 25
62097208 14
134789946 29
221693995 2
166469711 12
311303583 22
273728463 12
230295744 4
117524574 17
382622554 9
345765240 7
99621376 6
36820459 3
185053571 72
97981649 4
154740898 8
51191022 2
9567710 37
53247989 9
44500477 18
2606303 3
7861417 17
32039233 10
160426026 6
135754873 20
244146690 15
27429043 25
3194503 9
3892673 12
135754873 9
3892673 28
3892673 7
425060129 3
412826029 3
7861417 7
67211856 9
377252164 32
44683362 2
101555804 2
391890992 7
147788403 10
950826 9
2877613 10
168027608 5
125315655 12
287394745 51
12508226 24
41151386 9
212103609 7
24104157 21
31533851 8
61833696 8
248015032 2
172286702 24
292286986 11
108335238 9
183803847 4
292286986 13
363087618 2
2204199 10
181010264 4
104190000 6
12319191 7
150513798 0
27717394 1
172073324 4
150513798 28
172073324 7
172073324 9
31507419 14
150513798 4
15181147 11
41581895 0
142285582 4
190313981 3
146961480 1
146232606 20
63637940 1
41578390 1
145859527 6
187761719 2
4161085 2
158198857 9
18728516 12
50405544 1
242010632 2
377197691 13
85161331 157
56348661 3
401326185 2
86937445 33
287949653 13
135060374 3
324477376 4
45243029 6
37690015 12
12372903 12
138373747 9
272550514 4
32024694 9
85161331 15
415127798 7
415127798 1
138373747 11
189570341 9
183256697 11
241413620 12
223714735 14
182546289 8
37690015 11
213564524 3
290845949 1
342139253 5
223714735 9
290845949 10
372169370 24
423058678 13
7025790 7
200577 6
7025790 4
200577 25
83226202 3
206338358 3
272577624 10
37690015 24
37690015 9
9545880 9
223714735 16
37690015 13
424776948 3
34474036 11
202117612 14
19480570 33
166720608 2
17328044 2
292215246 1
359171179 5
163497570 6
60574 2
20055071 39
1093243 15
158408799 12
21580738 36
126712168 46
332961006 12
17492512 4
38246401 13
4401155 12
256468700 2
211969337 11
1514689 33
61833696 8
43582124 8
167613545 2
44820521 3
136784483 7
204519427 16
319214976 6
209959529 5
312618501 6
211638199 2
72823485 5
46443844 6
4913131 5
11635719 4
45979583 23
72063566 4
93886697 4
200039244 6
286946466 3
18744363 0
498473 3
165633062 6
18181417 6
425060129 20
151119774 1
67487029 12
307308135 9
413341171 1
86937445 9
345586701 1
258714952 12
303540652 1
75880159 9
211259087 16
126644221 2
350245364 7
167437790 4
110622450 2
425060129 7
172649015 18
420339183 2
219521787 4
219521787 2
168521615 10
6082293 4
346764893 9
168521615 1
56348661 8
167437790 1
343973285 4
336407899 4
343973285 2
165982976 4
16680906 13
183090942 6
4890486 14
45455392 11
398441928 27
2136219 17
315652704 8
125173797 14
80951031 4
211108918 10
4022215 20
17407153 5
254377264 1
241519074 20
237462129 20
3128177 10
165339875 42
248172970 6
392611720 7
31070838 5
268397015 4
283772516 7
153790985 40
84916576 2
254790263 6
125650847 3
263143662 27
421280278 16
18442814 8
203707989 70
2902402 3
214870780 4
306729156 5
264570384 4
174974327 17
219752171 9
366669694 7
2496634 11
3967935 14
64341927 3
31015798 2
158386291 18
167168035 17
12716094 4
2877613 9
2496634 2
2855483 2
9704236 12
31691954 14
11042316 5
273975618 7
158589460 14
77580005 5
11382801 56
4160313 11
400486878 3
4506848 3
16321896 12
18626264 3
145066703 7
18626264 5
18626264 13
18626264 16
145066703 24
18626264 6
42410367 15
145066703 6
42410367 8
145066703 4
42410367 3
41447048 49
145066703 27
228422411 7
226162294 8
146530086 2
145066703 3
146530086 4
82030447 2
121944208 9
139467864 1
17826416 7
13097412 18
250472599 5
81704993 8
285415057 11
285415057 4
41173449 9
115213411 17
189783211 43
145066703 45
212744672 1
200442519 12
114075626 3
88355275 5
204691 5
147820291 2
50617198 5
15945160 3
90735688 9
5301984 5
199832916 9
100442446 2
30887036 6
173253337 3
358549 2
286471485 26
370654941 10
88604304 8
8482684 6
84089391 2
355854207 6
48440611 9
57510552 5
211110149 4
134106555 5
111412916 12
44442992 4
152820795 11
322155292 7
88355275 3
227809079 5
34538993 19
135513727 5
89722480 3
347903402 1
15422565 10
92084717 10
344096265 5
114150935 5
154382964 13
5136830 12
57827066 17
273728463 12
39523282 8
184360919 8
7122725 5
93018876 3
128037773 11
14122171 8
287877844 9
254344094 1
191028609 6
2313360 24
5136830 6
44103210 8
33872877 6
49075515 4
38685806 6
43954466 18
864280 27
151914173 51
268599516 8
13671692 5
32677774 4
41753490 4
244724457 6
60728907 0
3038673 4
245868132 7
49075515 10
176617 14
175973871 8
38685806 3
1719528 2
128094891 7
2858496 4
607197 16
312530493 14
2429653 1
151914173 34
284141952 6
319169119 9
131504555 4
131817102 5
21412712 13
235723451 5
142266835 2
73191398 4
213564524 10
196030769 10
317888231 3
371010021 21
52415920 7
283358004 7
44100248 3
60744222 36
151914173 16
2313360 22
72806162 9
931631 19
361814345 1
150714949 2
402669629 1
322369524 2
166761694 7
50024464 6
294410883 0
207111086 2
152257326 6
912615 12
93427750 1
160708307 9
183303038 16
86703931 6
156423040 2
2463200 6
70396120 5
93427750 3
405085368 5
3458371 6
50464159 10
207111086 3
13496512 10
101535997 1
227795115 6
117073559 3
10211244 9
49075515 17
50159831 6
240918453 6
412390405 2
208367 8
49579256 12
154225476 8
14822051 4
137242843 9
181469736 4
55779619 3
17210915 23
193639577 1
38916569 18
4564901 7
36128950 2
392340786 39
1449778 5
211602577 3
264396091 0
333788581 7
43837543 3
20482016 1
235329618 11
3038673 37
1533889 10
216070104 2
88680318 3
160217220 7
50159831 1
180322363 8
173003245 7
268599516 9
66627726 5
171162618 3
18591350 4
392340786 15
34529879 3
53228781 6
18591350 2
43257515 13
159975646 9
6068152 10
41771011 6
157291962 2
63601719 5
5234342 15
47778219 12
86937445 1
6385087 9
8291720 5
12876053 6
1533889 20
311303583 6
2395926 1
38537576 6
3374797 9
1813145 16
274752412 10
151914173 6
154225476 19
154828058 5
193225973 15
217010884 5
270726040 5
340296857 3
169600462 6
112130673 3
66320792 10
341472882 12
392340786 21
254298951 11
38104781 21
138346294 1
88679179 11
156339113 1
52275191 7
256782200 12
316944459 2
132116812 5
334148680 1
86937445 47
86937445 16
37184940 1
390606864 6
216316363 12
9475175 4
276768611 39
160135463 2
200039244 4
30082687 6
135872796 3
390606864 2
284471221 1
100650279 6
9742525 4
36540489 12
14584893 5
9167917 1
86937445 17
249936543 4
37310299 3
104453361 2
59814845 7
16648243 4
413341171 1
54760649 21
405894490 31
53789407 31
315652704 6
18083224 4
85178724 1
389162859 8
2175020 5
55544796 9
55544796 8
56348661 2
209208313 10
363081768 15
363081768 28
161977213 4
179371564 2
276768611 34
151020064 1
80398471 2
3892673 27
295410634 13
382883000 2
63030161 7
105923726 6
258221390 7
347903402 1
160464500 16
160464500 16
255234323 5
258221390 2
163168984 2
140997417 2
363081768 19
214299288 0
154582267 12
245734470 27
12186333 3
80743773 11
10021742 4
50297191 2
81302251 5
333280215 4
420339183 15
11121347 14
80951031 6
126644221 1
269602088 3
124161103 2
357298884 7
37393466 2
135576796 4
139825 3
270726040 0
100227375 8
203498198 0
713194 19
53092218 1
216992334 9
11541150 6
86937445 5
5277342 1
145066703 4
23779828 11
12279167 2
14862270 3
38494462 3
160764736 19
338454064 8
90444001 1
32323110 5
28299766 4
255397219 1
18381614 19
18420718 6
59905202 5
173557958 11
181748893 8
310022251 9
77440840 4
13032698 15
16014532 6
14759603 9
85787571 4
79378691 3
86686810 4
173557958 29
269146600 2
271235 8
238143233 13
393923588 5
14588854 5
313010988 5
31114785 13
14588854 10
313010988 2
4006504 1
6161417 4
160325682 4
218374869 6
105884439 2
112601983 1
6161417 2
311762142 7
238102149 2
230764898 2
230764898 5
82151122 4
5268579 8
93235147 7
264570384 7
52612103 25
382414653 12
63030161 9
145466254 15
156479539 5
27840610 10
391313488 2
371010021 4
134475636 6
2829978 7
201737024 2
19929332 13
143637245 8
137708450 4
26413112 4
267828 0
163595984 13
22752766 15
359336035 10
32405447 7
145066703 5
107763602 2
177277707 5
359336035 16
145066703 7
114150935 9
45487682 33
45487682 10
22791368 25
45487682 10
27840610 37
27840610 19
27840610 16
178733670 10
146918874 17
22791368 19
111332820 2
151222169 8
251450624 19
2248085 17
10398918 15
279499270 1
199114000 11
2271758 1
33577796 4
49733981 6
327826294 3
340065214 7
377197691 1
10581809 8
36711090 1
141830054 3
98225878 19
93773877 7
11758390 11
15358567 5
270690602 6
194060628 9
86937445 16
125579615 1
15358567 20
11521590 19
16166494 1
11990673 25
76665214 7
16313694 9
2586343 7
9332429 2
34716092 4
85375814 8
34716092 3
34535038 9
166356350 5
11758390 8
85375814 2
312530493 9
22728055 1
58596249 15
211602577 1
424167412 5
269146600 2
3038673 18
209020505 10
11758390 10
36770430 27
8316152 1
73014174 30
86812939 6
942154 8
168540272 3
89312811 3
37130457 2
67861078 4
40791258 17
25976417 2
1946683 7
406017521 3
169180969 2
11521590 24
209020505 3
270895785 9
100157803 11
73014174 7
27967996 6
10839073 4
388955797 13
219687055 7
139481862 12
22233079 27
134264998 2
248600094 8
424167412 2
196959974 6
186576995 11
3826475 11
17655384 19
371713106 5
181748893 4
248600094 6
39324702 1
162533891 14
164543310 13
82947615 1
30811139 1
82293782 6
293380652 9
86937445 9
116333335 6
73028264 9
60200755 8
231261267 37
294964963 5
22941506 16
116333335 20
294964963 11
264451986 6
219353279 18
116333335 18
294964963 11
116333335 14
34075546 7
76380090 1
163780059 4
317888231 7
114470074 6
292286986 3
290500199 6
182854717 3
320793820 8
37646522 21
13624051 7
292286986 4
237457488 17
182473055 4
251277063 10
385349388 2
292286986 4
354894377 7
166625007 1
81302251 2
291366432 10
264570384 1
201524428 6
97229664 1
73603833 10
1458921 4
13833143 8
92907909 8
316066063 2
73603833 6
36307905 16
267251479 2
394914906 1
184732386 6
145066703 5
423215371 5
184732386 3
41753490 1
59777371 9
29553713 6
209126231 4
55217959 17
145513216 1
42252359 3
1491336 9
179824934 2
125579615 1
141049731 1
182965963 23
79430261 6
382492 2
228526594 1
3648085 2
40400501 2
14532025 10
168134144 3
25107240 41
5034000 6
5538928 11
7210209 30
161067289 18
188868643 1
333280215 22
333280215 12
19481665 2
232770986 13
151968467 2
14532025 6
178442602 1
200923920 15
248369250 2
2429653 4
357829490 3
200923920 4
87865822 3
326707486 1
26272677 8
10168824 12
85225631 9
4543991 6
20570861 6
218642171 15
220276473 8
158272528 1
24067897 2
408988507 28
121489298 1
148082073 7
11427701 4
74569830 4
408988507 0
148082073 4
148082073 8
148082073 2
250914505 3
250914505 4
138853841 2
182965963 5
140290058 3
45487682 7
21176512 5
22287969 5
164557116 1
22287969 5
22287969 3
22287969 9
243524056 8
78253708 2
78253708 2
44054057 1
156339113 1
2553407 19
390824647 1
329311626 2
159069584 10
27717394 1
38767093 6
280187553 7
345869540 8
151119774 2
231401039 5
236166534 11
175861557 1
225640369 4
239373432 5
318922088 6
3042456 1
109807969 2
4749626 11
34447236 1
109807969 1
29515892 9
2383362 11
897264 2
373345323 10
20132973 17
88691560 8
146343892 1
100968306 15
3038673 12
89590701 5
113373773 5
10538455 23
51888457 7
80046494 1
380850315 9
32872876 9
114317998 2
2717963 6
174406633 2
151787895 5
75660103 3
257223035 5
85736653 1
65239643 5
65730465 6
94792488 5
134859373 4
361785295 0
145167370 12
366128064 3
341472882 21
28054856 3
75660103 12
422499115 11
13368617 6
364676352 20
82652122 11
241519074 3
236166534 57
118756019 34
11845345 3
65239643 20
403839377 13
81286342 33
158582497 7
11219100 1
176145243 3
288455027 9
51552109 5
236166534 21
26247612 3
65239643 12
80951031 4
252860357 2
354424676 4
152368227 18
147983192 1
17577563 7
124074944 25
110613899 45
13185529 7
360523624 1
328398011 7
141812243 1
349287151 25
202025525 6
5586794 2
192626010 6
146601139 4
313400554 21
211561861 14
360523624 1
173081100 1
128122884 5
40602717 1
283772516 6
56862770 32
184644144 5
156243105 9
118473475 12
171681785 5
53183257 6
299368897 4
198900875 22
40602717 1
93886697 2
390019241 1
242010632 1
189846595 5
257364384 3
8181076 1
138114091 4
138610832 5
335304951 1
231401039 4
338372638 8
208194457 8
415020267 4
107366867 1
301498518 5
185285433 4
57827066 6
339965775 3
218137661 11
96442326 4
376205953 3
250713580 6
70625193 2
339965775 7
216378254 7
415020267 12
241300277 8
276257314 1
276333724 1
339965775 5
51311360 4
197927198 7
135648593 8
211484232 1
168416731 1
135648593 6
225401591 1
220442528 1
415020267 29
164289189 2
70625193 8
40602717 1
217379154 2
280385834 13
415020267 9
289663369 3
70625193 2
415020267 2
170780632 3
73966511 6
257364384 2
135648593 101
71765513 7
179804620 24
309225043 1
340296857 1
78243210 1
221230676 13
4624638 3
86937445 3
92102340 9
276624003 1
415020267 92
145246735 1
17407987 14
202374694 12
18792496 8
78243210 7
424223129 16
274752412 1
401260508 8
236239607 20
404421217 14
173453022 9
235221963 1
401260508 18
45487682 9
23355910 6
406233980 6
406233980 1
173453022 9
248447866 4
276232931 4
359129027 2
271277562 3
52237431 3
250438779 7
2429653 1
226471806 9
58395285 20
108073483 1
137344111 1
138794711 7
58395285 30
151957116 16
315652704 12
416581528 6
412390405 6
380570718 3
176510531 1
206271784 13
138610832 5
24789105 6
3803226 8
65239643 25
3803226 11
188241379 9
8714195 7
142285582 7
145066703 5
8714195 3
109559643 16
3803226 19
2096891 18
145066703 6
387365819 23
45168729 7
145066703 3
864280 9
387365819 5
10076967 2
20617901 6
195084149 9
33984210 17
54764443 7
4454466 4
38377456 2
214717123 5
145066703 6
18570777 21
145066703 9
37689421 18
345586701 1
44174153 12
18570777 20
28643771 2
274528949 9
12447026 3
422319834 5
33832769 2
5446939 8
323222844 10
28643771 6
3062301 4
201078555 10
23355910 1
3141968 3
76345050 14
5446939 13
236009683 8
95013 13
95013 4
5649331 17
5649331 9
5649331 13
4850412 6
370989574 1
246566791 14
145066703 4
153431584 5
28643771 19
201869698 3
270923001 3
230764898 19
271100710 8
95013 14
145066703 5
95013 9
145066703 6
151719720 20
145066703 10
28643771 6
5453206 13
123131390 33
18657897 25
392611720 6
195302124 21
257223035 6
8911982 10
40290442 3
332961006 3
332961006 2
195302124 10
60347372 13
332961006 13
425270003 1
195302124 17
16321896 10
331614500 6
83341514 3
174409814 1
71708918 13
267724022 1
219141517 6
10398918 45
90978586 12
4161085 1
55217959 13
64717085 11
95013 67
163780059 13
360131650 1
2428059 6
359171179 0
3798913 13
64771549 2
93487265 1
205146311 5
252296197 5
151385588 12
132540923 12
141336937 8
11866586 12
133408287 5
912615 24
93487265 20
92084717 23
91051848 1
123660004 6
119945695 18
141336937 17
107277537 12
88679179 5
133408287 19
9369800 12
141336937 21
16570087 5
54676642 5
54024104 16
86937445 11
424854211 45
133408287 56
27108450 56
20939924 29
111978463 11
152368227 16
43443419 8
54024104 16
189054268 14
3798913 26
3980719 5
88679179 30
26272677 36
151385588 11
83329533 35
26746349 6
151385588 23
27108450 87
13889479 0
13889479 3
151385588 22
89675428 106
117991035 35
27108450 19
92084717 74
230249083 13
7852276 8
214717123 10
89675428 133
283199623 10
216378254 7
358549 10
3869784 48
191686044 14
117460604 29
3869784 27
117460604 35
3869784 35
117460604 28
274528949 1
3869784 6
181372980 9
181069768 7
230465531 2
49399891 23
132540923 10
227749141 8
63051552 20
319600036 9
181069768 38
60299459 2
319600036 3
419005927 7
2136219 7
107277537 18
107277537 37
97217348 20
2136219 27
34912542 7
97217348 42
316563051 4
80765698 13
116237345 12
240242001 13
148362318 32
148362318 26
7861417 6
181069768 14
148362318 26
38484940 21
142554040 9
139603824 9
21349945 13
1176214 18
24103752 9
2771080 6
13523137 2
2494621 5
273728463 4
55923181 16
173081100 3
13822100 7
418760708 4
6322128 3
331614500 15
20916485 23
306981434 29
2494621 1
36273225 2
94091163 23
53611204 7
253621357 4
90701151 7
414251673 7
165467910 5
414251673 14
11121347 12
142128034 25
94091163 10
53611204 18
54760649 57
3869784 15
162582012 6
8337558 1
381055836 14
194477658 1
225181543 27
70299878 5
3316463 15
373832087 3
366669694 4
36398623 10
70299878 2
197294429 6
3316463 8
152344326 4
88679179 19
154582267 8
420339183 4
125579615 4
118756019 10
61413465 6
70299878 10
125579615 2
41444854 6
278276406 22
10398918 70
10398918 20
304064535 1
306981434 41
83336300 29
10398918 81
338538364 8
11465433 9
219362707 3
306981434 211
215330813 6
11681456 1
47438165 6
8165342 17
63030161 17
152566682 5
107318053 7
107318053 3
303937806 4
5010611 10
216378254 7
33584922 16
898539 3
145066703 10
148362318 6
145066703 19
5010611 16
219353279 11
53099763 7
421280278 1
322155292 1
143063249 5
100145634 2
145066703 2
100145634 1
185368791 3
12319191 2
12955870 1
248937789 9
12431268 1
193102662 4
399448950 2
12166699 9
414648674 4
369250485 4
170414431 5
327584314 1
14913207 9
205516455 3
3664185 2
183984285 7
32484567 3
104326135 3
390019241 3
2865041 2
179052698 9
177141747 2
15023533 5
16440106 5
38029860 3
139159230 3
52544974 3
259949041 4
2564796 4
176632274 4
54680082 2
4622076 3
64941060 3
19844382 4
190174108 1
3664185 4
120743792 6
16759930 12
160624719 2
18916606 3
182546289 16
321771730 8
14082882 17
394914906 19
52748843 6
3664185 3
160647935 12
145777080 5
394914906 4
203674570 7
111352394 3
3664185 8
175969914 6
337718485 13
5669366 4
230764898 4
130188589 1
95337270 5
51675992 3
25907396 5
128122884 8
138654800 4
315570528 3
54680082 3
205328067 4
409895981 6
3664185 6
98404980 2
140731615 4
7367709 7
294137614 2
3664185 6
73028264 4
180316104 7
164190754 2
41729062 3
18761462 9
137256448 7
15376384 8
3990422 5
166752499 7
58566145 11
164190754 3
38637795 4
20569622 3
81794195 1
18345345 5
26107250 1
3664185 5
232634379 7
3664185 4
15376384 8
337718485 3
236166534 14
193292535 2
136975572 1
17418750 7
58566145 9
205328067 2
2564796 5
6144562 12
26107250 4
183246989 11
31710694 8
150068743 6
318621860 2
334983891 2
295410634 5
265758782 4
207163554 6
89214311 3
3664185 5
160859294 4
113691233 2
26311548 8
126111212 6
3797788 6
90394279 27
16570087 6
5974112 2
93487265 5
165016284 3
19551619 9
51167085 2
189846595 6
11676186 5
156925458 3
16340235 5
34376482 6
34376482 5
123010097 7
77727253 22
316589556 6
2173271 13
192944628 6
208598004 12
340941095 2
120177497 2
10212547 1
143195205 8
88383061 2
381952067 3
206043624 1
142093973 23
20586053 16
425392263 2
19481665 3
914849 1
211744818 2
264589809 2
5356104 3
138372885 7
345586701 1
188367842 31
164305435 6
5674380 11
188367842 29
304831376 8
23841608 9
322458518 3
14102031 5
270726040 5
127446561 9
198730862 1
14102031 12
55563752 4
309700938 5
320567392 4
8391781 7
10021742 14
132172797 7
299565141 2
34485144 9
154675854 4
274986320 9
35565787 19
225145274 10
367423584 4
116709864 7
382823896 4
394914906 1
167148077 7
124008620 1
94308771 6
71185679 8
328771426 12
11905431 14
380818605 3
179824934 21
328771426 6
186770299 3
179180337 5
13266913 8
294137614 1
313010988 5
91734128 2
116709864 41
33623668 10
51839289 15
206163855 8
70625193 10
86937445 9
51839289 2
201500159 44
185450202 7
9889526 10
369703420 1
328771426 6
22664029 36
167148077 8
230387779 2
46945394 3
100073754 8
32677774 12
395448300 4
19088546 65
384511542 4
179804620 13
7122725 14
22664029 2
116709864 27
274753742 48
179804620 14
8372922 11
3967390 12
406017521 17
213842919 2
90026620 9
64082404 4
40683583 1
274846950 11
9725368 12
255936812 12
378811463 3
238993254 9
5649331 9
212467517 18
253994662 9
167148077 10
19088546 4
301603768 28
241519074 4
19088546 7
116709864 15
30437542 11
301603768 15
19088546 12
154828058 8
271750905 1
301603768 4
213564524 13
2897293 25
2529422 14
8237169 6
339670853 23
51839289 26
213564524 8
39603868 2
339670853 30
213564524 19
157145593 14
193119707 6
8969667 5
70625193 10
82501188 7
11991286 11
8969667 19
96778942 13
6425404 7
11991286 15
70625193 21
11991286 8
185029291 34
213564524 21
143055399 15
2123163 13
154001016 19
53647624 3
6524594 3
165594056 5
233946039 7
104311175 8
82424639 6
15904676 11
82424639 7
170272983 2
42231319 1
21006071 21
3943708 5
82424639 9
153412067 1
220799059 1
86948116 1
390019241 4
295410634 6
407950901 19
289828977 1
166726623 11
82016829 7
204833270 6
391167609 3
39920912 4
270726040 9
270726040 14
112911066 5
27007913 3
8971274 17
203674570 6
8082825 1
82424639 8
59842475 19
314592460 2
172560396 4
302739438 4
411643387 3
219887286 4
50629700 38
10649571 1
141194682 24
84776147 2
52768743 7
265011656 15
118756019 8
42231319 7
44730758 2
219887286 16
183547528 1
137030978 6
137030978 6
40780140 2
150315309 5
137030978 6
337718485 18
420612364 3
138628390 15
250548743 6
98097654 2
235269191 6
74158035 5
15664736 1
140214426 43
136015106 4
302821948 2
141310846 25
271126074 6
57301213 9
44072033 4
218802700 8
229536042 90
420612364 22
229536042 53
420612364 14
229536042 3
244413688 9
168542939 4
168542939 4
90634607 6
22515079 7
140508656 5
52237431 10
293770314 1
10535683 5
182295860 7
74470419 5
349743785 17
159302389 4
864280 6
203674570 7
506139 2
172882936 3
32267436 8
213848376 2
31161174 3
245309602 3
14366585 2
136940901 8
253112102 17
74470419 12
253112102 2
332371638 4
186122663 3
8801388 6
9081016 2
44564624 22
2429653 3
139506731 4
104226797 10
44683362 25
1447315 43
253707098 1
91662732 36
22120759 6
91662732 19
91662732 53
2667350 19
4146462 7
112146018 5
4622040 29
21349945 5
183842666 4
387724497 4
12325660 15
214274332 7
385200212 92
13530760 4
272976524 9
132722115 1
96937558 23
175139201 6
240524824 13
121508012 32
4622040 5
322300404 1
122659995 2
50880307 9
95906479 20
25699584 6
83076333 5
52059470 18
171659738 23
16912986 6
18703477 9
93118616 3
38498978 6
68030690 9
14538295 17
68030690 2
237966089 25
158134692 9
30114336 6
12707313 9
124255430 5
293770314 2
225145274 6
1008106 5
25650746 4
230764898 6
317454321 4
377316900 2
13530760 5
11366064 9
154740898 5
25445707 7
12382369 11
213835419 1
8860363 15
139260746 10
214034912 4
25445707 15
323238788 6
475144 9
86937445 13
25445707 9
19624611 5
225145274 20
133343622 2
210839234 1
168640234 8
242344567 23
420964044 7
4789665 32
376372602 8
211744818 14
38050771 4
305061986 4
55544796 1
66461561 7
107911578 11
20939924 18
332325436 7
74142210 4
194610290 1
183673132 5
289013938 25
6425404 3
27429043 5
71338274 31
76158906 29
417143206 5
94013363 29
94013363 1
92205634 12
1674589 6
31987555 22
16933410 5
165470628 8
45840425 3
52018611 4
59060242 4
202619299 5
8801388 2
381362675 4
28643771 30
196739915 2
28955731 10
305061986 5
302739438 5
55544796 5
181208636 8
133585953 2
137776295 6
9825766 4
164760152 14
137776295 3
39606041 1
215536672 3
38362778 22
258557203 8
183929892 10
4622040 12
4622040 17
4622040 5
38362778 19
49194530 11
235519749 33
23072473 6
140002870 8
1267473 12
20356509 7
12117782 25
70625167 60
36281502 57
2093347 6
90772094 3
235519749 4
55895275 20
235519749 16
70625167 13
235519749 3
722706 8
186504166 1
253678025 0
80491 1
15945160 7
137470962 4
4769306 3
165619471 4
55769608 12
266247213 2
3062301 6
237588504 9
377197691 9
79109381 3
418463425 10
329975012 1
253994662 17
214352284 3
190941200 2
101451348 5
181388491 4
22270591 9
49884225 7
252249388 3
418463425 20
358202527 6
93385241 14
30514688 11
253994662 0
183915037 37
82151122 12
180098253 10
183915037 8
209778948 12
199958883 1
66208629 1
86666118 18
209313735 9
327104724 16
144158234 10
11765824 20
82151122 9
418463425 19
179791772 4
379099931 5
213051245 37
371891141 16
157673006 1
18657897 6
18589523 19
87792514 5
9167917 15
219353279 5
383862216 3
60895781 6
61048901 55
49884225 5
195829189 49
209313735 2
67414547 7
262141684 5
90862450 4
406476940 8
208212199 49
49884225 9
202625341 23
61292729 17
144730502 158
418463425 0
139592701 5
81088949 13
206927543 32
76158906 7
318372514 1
135310116 5
3689461 20
135513727 7
197665459 3
58395285 14
172859718 6
371891141 21
287877844 6
57250002 4
287272754 3
421946903 11
35230086 12
57250002 12
172859718 19
5614011 2
113872708 1
5614011 2
186045902 2
116351273 1
159779114 5
287877844 15
24052918 13
28531867 7
287877844 14
16919458 1
35230086 6
358202527 8
205216245 4
194233396 3
172395575 24
156305217 6
168671366 4
89834558 11
206409112 5
206730907 7
331899150 8
364240909 2
184669108 3
251607559 4
192842522 7
145066703 11
67125923 8
11004610 11
90501596 12
14292224 3
26864391 7
94533948 4
182517716 9
22086012 6
167437790 1
11758390 1
5066160 2
22086012 11
145066703 7
225181543 3
13703851 6
345586701 1
145066703 7
53548906 2
5066160 8
359905345 7
118950488 5
179367342 9
66043390 8
253263571 4
5066160 4
45245335 7
140509651 9
50644674 29
611821 5
395390537 3
41429209 3
148533308 33
2606303 11
293770314 15
194265387 2
22086012 2
325708149 1
169000520 22
212966429 2
6392772 1
326616986 15
145066703 5
88625498 8
248015032 5
59572386 5
26864391 46
19803479 10
66205214 9
17407497 1
3845641 1
296449142 4
143581657 4
26864391 9
13839644 6
265192075 6
35953153 2
153158037 4
147894293 114
32929388 14
223346002 4
193748485 7
378730348 4
147894293 3
98168699 9
116127107 6
307112245 1
85813692 7
193748485 4
6140224 8
139403558 23
26864391 3
20318553 17
9918079 53
26864391 4
73857859 8
147894293 5
32328746 2
11521590 8
6140224 22
178442602 10
147894293 4
18326331 8
193748485 1
6805755 19
114332302 19
369954237 12
169305188 2
61398520 4
279811528 9
242344567 10
286946466 3
158272528 1
54473898 5
18288693 1
242344567 13
86937445 14
158675294 6
33269497 4
46454430 11
96265837 2
42025772 9
77404317 4
63615541 4
124255430 5
18129473 10
419318496 5
151035818 8
49384050 20
27492964 17
145066703 3
42025772 3
124255430 13
7250991 7
41671047 12
12737250 23
42229547 3
413725845 18
287895760 3
48340631 2
203297888 9
42025772 4
184338059 10
390654187 21
185957830 8
414648674 4
57871194 5
421109660 4
196443335 4
64872064 3
42965290 8
44866765 2
85923371 11
63095085 3
235021646 2
250191781 9
145066703 13
250191781 6
182466866 13
126644221 5
219887286 20
254250915 8
219887286 12
254250915 5
219887286 4
254250915 11
182077132 6
32039233 6
4643303 3
321836819 12
20356509 1
100073754 16
170414431 12
178756472 126
100073754 4
4265938 39
45792354 1
200344166 2
265905623 9
8702612 81
160143301 7
172972174 6
170414431 35
383118898 5
180448162 5
216697217 48
175444573 8
260157873 36
164086946 7
13865947 26
378493458 83
308754324 78
408151062 14
283526801 1
101191963 10
227795115 3
67561026 1
241477443 2
154751560 3
211744818 7
117727884 10
330288392 0
134516215 13
241477443 9
211744818 6
157886030 4
86937445 16
88916113 11
114150935 3
208367 13
12750156 1
409895981 3
392340786 15
245765745 1
424854211 22
174050287 7
287080532 2
396734506 6
89712244 3
1465865 2
174050287 2
55582201 4
274656925 21
5664078 6
396734506 25
41372273 4
295410634 10
63601719 1
269986166 25
23155501 1
160263340 1
403807204 10
14584893 1
23355910 9
156887892 1
65445361 3
65445361 2
78774215 2
345586701 1
67883649 3
115786531 9
84126613 7
44080673 4
115786531 9
89144000 6
115786531 5
89144000 9
2269481 4
184183251 11
75602984 9
286638555 5
180279774 2
34098427 11
96783286 10
310520294 16
145066703 3
7205686 8
117547714 18
299856920 4
62683127 5
299856920 1
243153487 6
41372273 4
383756099 2
188336840 20
16321896 3
414655797 11
29844761 16
300519768 5
221048705 6
126188828 2
160464500 2
377866636 3
78774215 10
301760642 11
16321896 9
415347224 7
14062580 3
13156300 8
160899005 2
26920303 21
13156300 11
415347224 6
78659787 1
351737424 1
226102183 1
396076933 1
139603824 8
145066703 10
154814174 1
8961404 1
102684058 11
163824427 4
252017526 13
202289679 10
218176243 13
3163832 10
382006923 5
42288110 9
145066703 4
43837543 2
401065221 3
34280668 11
79216777 4
218176243 11
208003477 58
493457 4
23181194 21
195084149 9
10875919 2
145066703 22
31908848 3
93886697 8
349208145 8
95810924 20
341850727 1
168869396 3
177274048 14
252017526 13
138612904 2
145066703 4
12707313 6
349208145 6
151828568 5
10563466 12
216070104 14
163030851 27
26935628 8
21085486 7
30811139 7
108203613 5
212467517 1
287022822 6
177274048 26
105145108 2
22515180 14
409181430 12
218176243 2
89923580 7
105145108 2
167564852 3
288945126 5
314647068 1
63615541 14
218176243 11
18322181 6
108203613 5
1486164 22
342139253 4
4627080 4
10875919 66
54227197 36
184519899 7
89923580 32
5066160 8
89923580 9
26173816 13
151914173 15
995835 8
54227197 15
5066160 5
417858656 4
377253943 7
105145108 35
176394314 3
34529879 1
393409558 5
11420543 3
10875919 16
92084717 27
145066703 7
3878360 59
345586701 1
2131887 13
228274304 17
16526529 20
92084717 10
423942621 11
14759603 11
192730928 43
323238788 17
61853047 10
80640500 13
98666662 9
72133508 3
35012862 5
2803871 2
358202527 10
261596635 2
167500716 19
224689082 3
16146705 9
370884707 10
91637103 0
293770314 24
345586701 40
188308182 8
315432616 3
62846585 0
85207818 4
202374694 0
131504555 11
405458905 8
212393330 46
264348359 3
157886030 6
3306538 4
50644674 13
352928742 5
138511607 2
216919900 1
62124105 4
187096274 0
306756475 7
2458209 5
298890877 7
90394279 32
134264998 1
73748307 5
416048967 0
90394279 10
289828977 3
112138480 9
222596209 18
440477 17
117991035 26
294016115 6
298890877 23
396797575 5
440477 13
90394279 15
91051848 13
112583653 7
67923007 1
183502503 13
82501188 1
2970275 1
92084717 21
53640963 11
222596209 10
191886107 2
9249924 9
303626541 2
416048967 14
7754672 2
8190575 30
392611720 15
64082404 3
3632576 30
54385102 15
270726040 3
2007199 15
1504693 8
54227197 7
176416940 9
91816190 3
91051848 8
125423550 1
118756019 12
155743788 10
82501188 3
135959960 6
424854211 24
19285762 10
416020431 24
339701389 1
171991495 10
16917683 6
102149858 15
123010097 13
3664185 63
23355910 12
333689765 3
226970612 5
18626264 10
16917683 11
416020431 96
303937806 15
9108791 10
303937806 7
171578795 13
24160428 3
416020431 30
211744818 1
75771831 1
316041073 7
5556398 1
200255221 5
177402460 1
211744818 1
349867282 3
2007199 2
205079394 1
41663756 2
329365023 5
192355340 1
37576228 1
211744818 1
192355340 1
379099931 3
317299474 7
52018423 1
48830776 1
21085486 4
3388987 5
181572756 6
361759990 2
52018423 1
4569014 6
296180066 7
209287305 1
235282132 1
379099931 3
415824515 1
89700102 1
90026620 1
39449711 1
41753490 1
371597 1
369703420 1
294137614 2
4564901 18
234832103 1
327481575 8
128094891 9
138774273 10
215263222 12
596421 3
27796846 4
18367824 2
18367824 1
27796846 2
283772516 2
596421 1
9500225 1
34633391 2
45452990 1
21541862 7
417370045 8
117745079 5
163792385 4
32444368 1
179443627 1
209702201 1
299109062 1
88679179 10
18221973 8
12979029 1
6809221 6
51796745 1
390370857 4
301358072 2
246632105 1
166441499 1
342282880 2
131817102 5
9500225 1
314780718 4
164896348 1
367773208 5
150746385 1
416030389 1
87679336 1
14589292 1
17328044 2
165429631 3
268298504 1
306590260 1
118405708 4
266960538 1
254042449 1
31762610 7
258557203 5
118756019 5
423762078 2
408926058 3
193864748 2
202977106 1
62411738 5
147535 5
33785818 1
321836819 1
19872636 1
93773877 6
10314565 10
198051232 8
66330402 6
25075824 12
274846950 6
156013234 11
6262192 22
371891141 32
56348661 1
15538704 6
1220595 4
264217960 1
318157701 7
30124223 7
3967390 8
128094891 4
181010264 9
203636416 7
150605752 29
6262192 24
181372980 6
3776558 15
5786648 98
94091163 5
94091163 11
28475626 50
14759603 7
81191888 21
83943581 7
81191888 20
150231524 9
274846950 21
88492741 2
81191888 7
60236449 7
182466866 5
156937493 2
232770986 9
81191888 10
19929332 21
149218374 28
50967667 3
216378254 10
86686810 1
358834181 3
388489716 9
349825826 31
145226692 6
25336102 6
14759603 12
5344814 27
232770986 13
44072033 3
405426886 28
88254628 12
235519749 6
14759603 9
179371564 2
134063516 7
383118898 7
266647568 6
324954265 2
163556682 8
29718628 17
382177836 11
3042637 12
141194682 4
52808775 1
140152805 8
295727859 33
145066703 11
140152805 9
25117571 27
17298452 18
145066703 8
374760957 9
8977246 4
17298452 15
3062301 10
145066703 18
226738722 9
211687637 2
349825826 32
226521399 39
20636258 14
183676300 6
20636258 28
136086826 62
132540923 3
5466497 22
132540923 4
226521399 55
44508524 8
20636258 10
290923355 15
226521399 55
92316275 1
20636258 12
338454064 39
389210359 1
294452079 9
55157134 8
15275809 2
413341171 4
272835597 6
294534212 19
338454064 15
163033682 2
294534212 9
59415001 10
10314565 6
175820769 7
370884707 9
338454064 32
419681979 1
175820769 3
254089775 5
113899677 16
20766622 4
276308502 24
357148220 16
145066703 2
30198298 26
189846595 2
224689082 13
139741246 5
88595487 1
92267272 9
116237345 41
120972866 12
228224312 4
223905746 7
174599518 3
240826881 2
240826881 8
174599518 25
325708149 15
232770986 14
219687055 5
240836149 40
40854060 7
368551526 7
386972830 6
368551526 6
368412813 9
76158906 43
86814861 3
233343764 8
116237345 39
240836149 12
122436 4
368551526 7
116237345 52
98636269 22
254110912 15
145521810 2
301428809 1
306125954 23
5066160 2
115066978 5
68861340 3
398893560 26
309850159 7
151851718 4
132525729 4
53092218 3
244561946 2
158589460 11
268708151 5
145066703 2
369972436 6
175378039 1
58596249 21
133069613 11
341472882 16
158589460 14
132525729 11
286159974 7
1406124 12
145066703 8
7803569 11
157260454 6
221001797 39
1406124 47
127701694 33
265590741 7
277127897 7
23398874 12
181184748 16
268857967 7
378885586 9
1406124 3
268857967 2
265590741 24
304143136 22
100430933 6
399262884 9
277127897 29
304143136 15
277127897 3
23398874 93
145673680 3
177630900 14
135863776 26
135863776 39
26247612 9
139630733 5
158408799 7
31818832 8
145066703 5
246809181 9
170027327 3
312173425 35
3679592 12
126327561 15
212429507 4
2386178 5
266135934 9
266135934 6
357183625 5
135869982 1
131888232 1
400953402 42
1406124 34
400953402 20
1535515 22
47263250 5
244561946 10
71206785 11
9167917 16
135863776 20
266135934 15
155330363 12
32361963 31
64513403 5
14822051 21
32361963 6
64513403 11
64513403 7
32361963 27
64513403 40
32361963 84
64513403 53
32361963 29
121418213 36
115066978 27
83775581 55
115066978 13
67962174 15
8662156 5
83775581 41
160136175 2
169038058 0
169038058 5
169038058 7
13533872 7
330581 42
184479915 5
391167609 13
173513159 4
56385832 2
14806642 1
210722736 49
391167609 10
176416437 5
176416437 13
27717394 1
176416437 6
327066440 2
194865359 2
32039790 1
137242902 1
11631519 6
225020419 8
17899075 1
144457288 1
14437368 5
133971266 2
211602577 3
97113203 1
70625193 4
62143100 4
50464159 5
62143100 0
109559643 13
42915869 3
139013720 4
333313806 7
256355832 1
161607013 2
21722774 10
343482317 12
24443569 4
189231830 1
102278998 4
41929007 8
395390537 4
18129473 6
236019290 3
41929007 2
9287339 1
408667659 2
370734720 3
6799428 21
2296487 18
77860156 6
151417555 6
45764156 5
11877728 6
153556047 3
234873244 2
8171359 4
229474315 22
218374869 4
145251578 10
24569732 9
108811555 7
165113515 5
6671855 8
185957830 3
593878 11
425060129 10
86937445 16
156899496 4
372116752 16
216070104 4
58778743 5
24569732 6
210348638 4
60659120 6
118756019 3
147069997 16
17911315 9
156899496 8
30832102 4
25637652 2
132463730 4
32966571 5
309813231 2
187096274 0
263617974 1
83341514 1
259518916 7
24569732 18
231866067 6
395598773 5
156899496 3
179109777 1
419318496 8
339612806 9
18840962 55
50561572 2
103947866 6
15686249 7
186964908 4
135959960 2
225167779 15
37166793 1
275862825 15
103947866 6
192476141 9
21085486 18
234832103 2
135460951 6
11521590 19
100650279 2
86937445 7
234492802 1
17861618 10
274078529 1
73797629 51
13575611 3
298906805 3
133593031 3
256355832 2
145066703 4
229844572 5
145066703 10
273728463 4
229844572 2
114897669 5
64225068 1
159489928 1
18921170 1
105436569 3
367008168 18
218422708 7
15309390 14
316135479 31
18773663 19
199114000 3
135081755 4
88343611 10
5131652 5
218422708 4
199114000 2
5131652 1
424863132 6
86937445 7
367008168 8
123010097 11
139260746 7
40422191 1
9108791 4
303853493 2
229844572 2
418061910 2
150257796 12
22069595 3
241493881 6
86937445 24
56342511 4
270726040 17
127772549 4
292232809 2
418061910 12
88305024 1
218422708 13
56281818 3
140712774 3
34677372 16
86812939 2
261359111 9
940864 13
364785757 15
261359111 1
3077205 7
83221428 9
3077205 36
203378205 1
186770299 5
71424917 12
131895679 1
163321084 24
113644156 2
136236771 23
18301612 20
385949646 9
136464194 2
330637552 16
116959729 2
248627427 2
142093972 2
75540610 1
103860099 4
296449142 17
75540610 3
145066703 4
155440139 2
267301166 2
145066703 21
6587885 5
75540610 1
311096655 21
251539909 17
271316948 23
103312790 6
259079601 35
63636636 4
91700565 1
57904962 9
8993172 5
92793021 6
57904962 4
69825487 4
18921170 2
84331259 7
65497454 20
375792445 3
244146690 6
6963473 6
221981239 4
39604491 6
145066703 12
141716168 26
181940002 13
274752412 7
274752412 3
145066703 8
181940002 15
145066703 17
147908598 6
145066703 12
32677774 1
327968836 20
32306584 11
214995410 6
145066703 16
327968836 24
7775353 9
28157051 13
32306584 46
327968836 29
119945695 18
145066703 2
4534664 36
32306584 21
204519427 38
323593721 9
10021742 10
87809906 11
10021742 5
346385558 7
107277537 8
168966354 25
7861417 4
86937445 52
32068334 8
405894490 21
240184015 5
295410634 2
386407480 1
16219556 11
107763602 6
225957196 2
178856047 30
335491590 16
396734506 8
141049731 25
357148220 2
131511669 8
184760948 3
166634625 1
162548634 12
86959399 2
75326720 4
238470842 3
17739315 13
145066703 7
69092086 2
145066703 6
138716737 14
64705100 1
17739315 2
302739438 3
145066703 19
169610451 45
166634625 20
175368916 6
145066703 14
145066703 13
14120132 13
169610451 17
166634625 16
1260802 6
145066703 48
25890905 10
145066703 33
158589460 1
291306110 1
423821498 1
402669629 6
247191394 1
14164765 4
118756019 24
274752412 1
75326720 9
250690750 2
42304006 4
13021274 108
156589039 38
267828 14
89524520 8
8662156 35
70625193 2
6552084 13
145066703 10
100257962 8
262842976 30
90397570 1
12368447 3
17077294 3
280345281 29
70625167 47
424854211 17
52364386 17
226030888 10
898539 1
12433888 2
283426368 7
27726460 6
45894258 4
4104437 37
10649571 8
145066703 2
7771033 7
150231524 28
217813769 3
94602658 79
1260802 4
34447236 7
364940073 4
34447236 5
158589460 3
39745586 4
314121982 13
420339183 5
64217027 2
135178136 5
39745586 7
23355910 13
291325859 21
132503376 40
97695106 14
13021274 24
13021274 22
171395810 2
13816442 56
319759792 8
89923580 10
13816442 1
62956673 4
219687055 7
1586903 32
258221390 10
722706 210
1586903 77
138361935 11
4566845 41
44368243 1
213976439 2
271126448 0
5089200 8
60086546 2
174967076 1
258014179 7
115924627 6
313184486 10
313261697 15
146918874 13
410851769 4
242344567 11
6860258 4
117991035 20
16146705 5
73715827 6
145066703 2
109072259 13
382058733 15
17769360 3
123679932 4
18773663 4
209839312 11
87062209 2
29409353 52
230764898 17
115924627 23
43125424 16
185548444 5
66447119 6
22492615 2
483619 46
313184486 35
192631422 2
164268951 10
37937191 46
242426615 1
115757260 9
182006 6
122868056 25
212304728 12
16397275 3
232194078 11
238371345 11
179150682 6
14780937 24
37668453 9
99494096 41
11295805 80
22492615 11
145855400 8
7645430 3
242725486 15
116974685 3
31460138 7
7645430 8
102990239 8
216300956 5
37937191 25
241652309 49
18052073 57
286273569 19
238495712 87
14967491 27
4085754 46
2470456 17
7645430 18
380530179 18
116351273 1
5935659 37
312530493 11
305061986 9
242725486 14
147983192 5
135089706 17
179150682 18
37937191 30
3392657 22
305061986 11
205860764 37
103881327 9
233254404 81
124461290 13
208482765 1
37937191 9
14284017 8
144401227 50
139467864 9
145066703 17
270690602 2
396734506 2
51168210 4
52018611 26
227365435 6
177318279 36
47031502 7
14922939 23
113167852 23
613134 6
93773877 2
1931912 3
359905345 11
320793820 6
364069391 11
372412942 1
217137884 3
17520839 2
6376536 7
235591502 7
127330873 8
7625642 15
134325109 6
10439886 13
115942505 15
89811790 9
202782441 11
19006708 13
61292729 12
128970192 4
130410656 22
7625642 10
86937445 21
65378800 8
83087144 7
78442192 24
10526759 5
5649331 1
63233863 5
2036984 21
13974482 14
8961404 4
176226575 9
224797619 3
95961174 18
9899093 15
34571442 28
219259137 3
269049626 8
90945456 6
2984717 5
10357291 4
107611321 7
60960399 44
273975618 3
42281972 9
122319 3
30437542 10
270726040 9
101343695 13
3826475 26
158272528 6
10293085 6
21027123 20
1510153 28
15215121 5
208367 11
17180415 16
6120193 16
66583329 2
158272528 17
4699331 5
80788475 8
101343695 7
351194561 8
12023060 2
171446708 6
238774637 14
158272528 20
191810993 15
158272528 9
12023060 22
31364351 4
48735219 6
9755539 7
49075515 5
3062301 45
102481287 11
158272528 17
12023060 8
231282468 10
158272528 6
166940207 14
39604491 8
58049021 23
10114754 11
6030435 16
61532003 8
118073419 29
931279 10
134011853 3
141049731 5
344709268 4
236499520 7
1197678 12
326614374 7
86007509 3
151914173 23
17040048 9
143746067 12
136286724 6
163808892 4
61694599 4
50548830 10
24704432 8
156780198 1
272052784 3
3166046 10
161684957 1
232631739 4
93329517 1
27796846 4
422319834 3
3166046 1
10018666 1
70308891 1
423142321 1
30864209 2
40742614 2
313400554 1
163321084 5
23626711 2
158202844 5
236943927 3
13676174 2
596047 6
204849904 6
190248893 9
28593183 5
39151301 5
13021274 1
116909146 1
751058 1
51375078 1
5728668 12
364076832 15
255277776 2
182335141 1
19481665 3
988637 2
19710337 3
182298967 1
3141968 1
1766427 16
319199576 12
26662842 1
77171048 3
8583123 11
389443186 12
152383445 12
50950713 2
3166046 8
152383445 21
1375797 7
420339183 3
356441275 3
337318902 10
161912238 1
415759125 1
159211851 3
216378254 5
11845345 5
287187871 7
31698406 3
143705692 7
173447346 5
94052901 12
11301359 5
24708883 9
152265611 19
137388066 7
4913131 47
12512651 45
180413966 17
12739177 5
178071154 27
139331513 7
832813 5
218137661 7
12739177 6
178071154 6
189463700 30
415541953 3
12739177 8
22752766 1
66116673 1
240869304 6
51508002 12
290747224 18
82603425 8
10948036 1
138552494 11
128094891 5
12739177 6
128094891 17
12739177 7
128094891 8
84307097 1
12739177 4
11238934 7
128094891 11
12739177 4
20907350 6
198130748 5
128094891 18
369825899 14
12739177 26
128094891 13
31234830 12
12739177 10
128094891 11
12739177 13
128094891 9
12739177 15
128094891 17
166349923 62
379269682 36
12739177 52
128094891 16
288498333 56
12739177 24
302617521 5
53069447 6
125398973 11
63615541 12
187206616 5
376254997 23
88679179 5
847311 3
186993097 4
172383449 18
12739177 26
260002105 7
14937096 14
147445378 48
174974327 5
234996713 3
234996713 13
403358909 13
28841706 8
41623578 14
153790985 6
62008328 5
153790985 4
174047962 9
152931061 19
141049731 6
21087037 11
206015014 4
226709259 4
98636269 9
169892730 8
41415517 7
361814345 2
62867863 12
213229542 5
173388930 9
393002953 4
4427241 6
264221070 12
75880159 8
211602577 3
107769583 8
77595542 4
90125268 5
309459210 1
39449711 41
200137612 5
33455976 12
60794556 10
81133446 10
241668683 1
48804166 18
104552029 3
169180969 9
88379564 16
61956476 9
5103281 1
219353279 4
239873184 5
219353279 4
2429653 7
20397555 10
92655249 1
181184748 6
17328044 8
17713306 14
4622040 9
4622040 21
181184748 31
4622040 11
181184748 4
174289568 6
29293473 1
191869467 6
7873095 9
220645640 4
123738 5
151957116 6
223205586 7
308114195 1
59777371 3
258567563 7
13323321 4
331899150 4
156305217 15
235591502 6
74569830 8
17936662 2
32267436 8
151629614 2
11758390 5
13323321 12
148533308 43
89556092 5
148218302 5
68316066 1
5700921 12
208003477 26
234832103 4
23229099 6
86937445 4
165633062 21
174202975 4
367856505 12
95946256 15
27413910 12
11758390 3
231621654 4
145066703 17
137242843 11
409484 3
48253239 16
156305217 6
217391410 10
256355832 1
90307308 5
144384352 1
301968106 8
396979405 5
142564056 16
219831040 21
97327821 15
2496230 20
3664185 15
221108041 13
18288693 16
147922363 8
54760649 5
371064672 7
256355832 2
135223674 7
17437032 1
206984361 9
11312999 5
383143475 2
54760649 18
6287488 1
383143475 2
383143475 1
200635556 1
383147782 3
269049626 5
385090335 1
148533308 19
220594615 7
130037788 10
138059163 2
157561352 4
160424840 5
75230473 1
291463096 6
33501857 10
60264876 1
33208759 5
321142236 3
346934394 7
321771730 4
138059163 2
321142236 2
253994662 5
14470114 10
28315548 12
19006708 9
211602577 5
145066703 6
415287976 26
232312584 4
5486684 17
253994662 4
1216850 7
62177592 17
148371131 25
145066703 7
12508226 2
18821582 11
118756019 8
1322063 2
38529201 5
21176512 12
155138372 1
205238459 1
253994662 4
414966453 1
236019290 6
43821329 7
306178806 3
212302133 21
44376372 5
37275766 5
402316136 7
306178806 9
181936990 13
181184748 16
205834777 6
8353505 8
1051137 23
158272528 1
4831590 14
8801388 5
9823011 20
198495554 5
267095094 3
110132262 3
101626946 1
181936990 3
89556092 6
248369250 9
17911315 22
189776450 16
181936990 8
222728903 5
49131451 6
4831590 14
253994662 10
4831590 6
222728903 22
18345345 14
253994662 10
93742597 7
222728903 7
181184748 6
93742597 8
212467517 19
417359606 8
212467517 12
212467517 2
16917683 10
37445622 1
216697217 2
212467517 19
93742597 4
212467517 10
3480828 6
8801388 21
21083974 7
349208145 34
194566098 3
387903822 4
164103619 8
94464805 19
145066703 3
111939421 5
172260254 5
16209852 6
328398011 4
302177864 12
10906990 11
10906990 2
212302133 9
169846599 1
74059485 3
29616640 3
3480828 3
57482615 4
176900953 13
234049747 3
4886156 10
165920960 16
51089017 6
66346841 9
103913268 2
268397015 2
101658287 1
27109725 1
309813231 3
15275809 6
151614959 3
294964963 8
218591645 2
322155292 1
342134630 3
135513727 3
47425730 5
24679662 4
248838585 3
248369250 9
249936543 9
95961571 13
34090044 14
6424236 4
359180768 23
55329324 5
125405913 12
328641559 3
35013668 1
89856836 6
232634379 7
208623187 4
11653122 4
364202536 1
332365869 5
171517952 21
36037457 14
15266950 1
80580658 10
60849538 16
52323810 2
55371821 17
402669629 2
182295860 10
131536304 5
178316381 14
84880883 13
55371821 6
229792269 6
171517952 31
86937445 2
386020445 1
81986239 8
2756367 2
88254628 25
180287046 32
91485333 6
5752087 25
9244903 13
42343281 4
125173797 14
242174331 19
254624555 5
89645625 8
368594347 3
139797984 3
9230588 5
67945483 23
167375388 1
15000942 15
254581734 11
119594565 8
183090942 6
25394230 8
50445319 16
266960538 1
364076832 12
16321896 11
183791658 5
243663869 8
17368159 1
224929658 10
241519074 18
410987590 3
410987590 5
224929658 9
276624003 11
252860357 4
21465558 3
410987590 20
264221070 21
135565066 3
203614020 8
181710170 30
80765698 10
3857216 7
3857216 12
6451141 7
179008051 9
12978206 16
337392407 6
80951031 1
179008051 1
39116637 2
343482317 12
302177864 3
182778020 4
242344567 11
207067867 9
5934578 10
207067867 2
145066703 16
31580752 11
138059163 19
188385841 5
84623271 31
164845415 2
145066703 17
212467517 2
373345323 4
296611683 1
2823972 9
327465873 1
187156509 1
8842527 15
21176512 8
199832916 8
213564524 2
273728463 12
15275809 7
36540489 7
28117782 7
15275809 2
4006504 8
18288693 5
145066703 13
41771011 5
222596209 13
81341837 1
27054592 1
8164666 3
2601343 6
18288693 18
213564524 3
27177654 4
2529422 5
98246307 1
354441669 36
119271656 6
2429653 2
4362362 16
224083007 4
320963196 4
41003229 13
119271656 2
43347084 20
377951874 1
47603518 10
87526003 19
1293965 7
11301359 2
34622705 6
5934578 3
91812562 16
201224077 2
596047 40
359746327 4
79928509 1
327195387 7
145066703 7
268967944 13
596047 17
19929332 22
145066703 11
307308135 11
19929332 18
729009 17
86360268 33
2643744 7
347338962 3
176616280 21
230465531 7
170257399 16
1388649 9
170257399 3
317396997 2
272425494 45
170257399 10
6385087 2
116539789 2
231735382 17
9230588 13
23732980 45
10186743 2
405867834 3
41328137 25
96157077 9
237323618 15
294024247 23
244220960 8
125173797 6
64943256 6
200372019 13
193870520 87
97217348 8
200196406 117
55329324 2
83558646 5
96215392 1
229474315 7
291306110 3
11758390 8
9256482 6
358969711 11
132539246 2
158222238 17
188959141 2
101169527 9
291306110 7
2136972 5
321137451 2
234071939 2
88900967 20
179983973 3
2136972 2
179718035 3
97983745 3
313193368 6
138686921 2
24679662 1
83137725 3
73005870 3
66875463 14
301201037 3
391029475 4
1442805 2
135754873 16
231387773 3
67674570 5
79862846 2
395370632 6
176067549 23
248074026 7
244724457 27
39035805 5
55217959 9
56247887 6
211686114 3
122239786 11
161514645 3
79096347 5
231325048 15
177247130 2
123309599 2
23584261 6
63374686 2
74569830 7
226102183 4
58049021 8
253994662 47
12876053 3
90925137 5
16960326 4
3489169 1
113001406 5
75623953 8
365680774 9
137188971 1
58678592 15
2112122 5
165019034 10
124334942 7
151914173 5
316925728 9
272652566 3
11015620 7
317329309 5
268639716 5
92558599 5
171578795 5
9230071 5
249238856 3
15215121 4
153086924 5
180867496 11
6153645 25
84772675 1
37593691 6
269049626 1
217781731 2
61257102 3
85161331 14
54399876 19
69661298 14
19670084 5
329244714 1
14145115 11
16960103 2
16612750 12
217973032 5
329244714 2
99417812 23
214581631 2
253994662 6
14847545 3
244020047 12
61403451 12
97440994 8
2429653 5
156222687 10
226102183 3
105216020 14
106064616 12
180166195 5
101060843 12
270472302 6
62107109 13
134842690 10
382006923 3
179500756 7
3064962 13
25540146 1
41429209 1
139877194 16
280999697 24
33760776 1
1602894 8
18409294 6
51863578 17
31963031 14
193722022 5
69661298 14
279811528 35
349726507 8
141265781 10
114652914 5
12154053 3
50051742 14
8766126 13
208640724 11
137066130 5
7149386 4
73184117 4
23344 15
62547365 3
254140421 1
291306110 3
230982912 6
2429653 5
733991 2
105629808 1
175319176 24
3432418 3
25636741 7
86686810 4
123352547 2
5973327 7
142554040 20
1614869 1
149318683 18
122384548 9
278093753 5
8803079 4
209122609 9
195829189 7
336910680 4
208212199 2
2148335 13
181584395 4
118601641 1
208003477 19
382006923 2
38916569 12
50344793 6
179917144 4
256695606 5
50084861 12
41281516 6
3239813 9
86686810 6
42104519 3
106293158 1
41281516 5
36831248 11
86686810 6
83120333 2
218374869 0
41281516 16
321142236 11
256355832 9
81960275 4
153949208 1
9414175 1
406140666 19
77626152 47
134325109 4
134692828 7
6745224 1
418463425 1
3239813 30
77626152 15
4518363 9
367008168 23
13111840 4
150806455 5
67356930 11
29544892 7
708294 9
123072686 55
26430281 5
133621082 8
232770986 7
34447236 11
122384548 5
27537140 1
134692828 7
142001307 11
181011146 2
708294 5
133621082 6
30430763 11
77218754 7
61282693 1
181054761 4
249525968 4
30430763 7
6215471 2
133621082 0
5091502 2
30430763 37
133621082 10
41429209 3
30430763 3
344484666 26
111939421 7
122384548 6
63095085 1
111939421 2
168218169 9
123072686 27
9926007 39
15236294 3
15215121 1
120020346 29
108845803 7
30430763 13
15236294 7
4886156 19
108845803 8
75557 65
10168824 2
105884439 11
152931461 1
75557 12
423590948 4
16131476 7
415650496 2
373223509 5
99284727 5
89205207 7
6087040 11
10837386 4
369703420 4
344709268 6
2428059 7
336028763 17
773889 6
251975711 4
1677880 5
4079303 5
89205207 3
156887892 1
251975711 3
10467956 3
89205207 5
6087040 10
122258012 9
151828568 5
2647780 1
4576202 1
16546 3
157435271 6
516521 8
339055479 18
67826144 1
13003924 6
40817573 3
97800937 4
274086 1
18657897 2
92084717 9
2429653 5
206163855 1
145534098 11
208367 9
303937806 2
8446255 12
160408 8
88679179 1
94432592 4
27698116 62
166356350 5
186795543 9
4789665 3
55044203 24
7180647 8
32127526 12
177763695 3
225401591 9
96887560 6
18301612 10
16327507 5
32127526 5
394362552 2
42304006 4
296449142 3
170414431 4
421894064 4
272788099 4
94975691 5
199930766 4
80729301 18
413153693 8
350851422 1
211217307 11
138943941 50
169097798 5
196077181 13
73176371 12
211217307 23
112004517 4
124008620 6
3322108 5
171582990 9
6654957 2
73176371 8
196077181 4
124008620 6
73176371 8
171582990 12
154751560 3
207067867 16
291709401 32
207067867 21
291709401 8
73176371 12
55044203 23
313184486 1
207067867 16
73176371 19
207067867 19
10689545 43
73176371 32
207067867 38
207067867 25
73176371 22
73176371 20
291709401 28
291709401 24
207067867 9
291709401 5
73176371 4
207067867 10
10689545 31
291709401 12
10689545 10
10689545 1
10689545 4
10689545 6
291709401 11
142853055 11
98239440 15
207067867 22
291709401 21
291709401 21
291709401 5
10689545 5
207067867 38
291709401 9
380948278 79
10689545 9
291709401 11
291709401 2
207067867 14
291709401 2
291709401 17
207067867 9
291709401 1
697415 3
255429619 17
303280575 2
164103619 7
15236088 16
225749516 5
76517389 6
95108032 30
142853055 8
235269191 16
19577093 62
295646578 13
87868142 1
66656961 13
170414431 11
295646578 20
104651779 6
256355832 7
88392415 22
4427241 7
3664185 5
21118 2
4854146 6
155026749 10
214229076 23
274302662 6
148058739 7
252249388 6
10535683 7
191686044 6
273728463 12
40400501 2
139810045 5
188699418 3
390019241 5
224448781 12
390019241 2
113921053 12
206588568 6
23612796 0
230764898 12
89411163 30
155104336 4
200802860 21
182732755 2
2496230 13
77814352 9
97229664 1
344095836 15
341850727 7
206588568 5
269049626 1
341850727 1
107165443 3
3235613 29
268885758 19
184450537 4
13724690 1
323238788 3
18234640 77
5733404 3
173081100 2
12557817 49
418463425 3
164543310 7
135084876 15
32125878 4
148163935 5
178442602 4
271524630 3
50024464 34
8341338 17
68775353 24
253076704 2
68235224 5
264725691 25
268885758 6
14076477 4
330288392 0
50178439 7
292176698 5
137776295 3
55217959 10
32927689 1
390019241 8
54227197 1
6183852 32
54227197 11
133221976 5
367314838 8
2496230 8
272306920 1
17226356 16
183842666 1
402050700 7
215696296 8
59971509 35
219752171 1
313184486 6
506674 2
367050823 2
348713281 2
35953153 2
54227197 24
89556092 4
218374869 5
72528123 10
7874118 7
93164486 23
133442446 1
236857348 16
150589039 1
86937445 17
105945457 22
368508751 11
300074814 1
33760776 2
93773877 5
728024 5
249904746 16
166127255 6
132525729 6
99284727 2
288186081 17
343293824 1
169414768 13
16816148 3
339055479 6
11068099 4
77626152 6
324283672 17
156563817 3
23982529 2
175052536 12
79812932 2
9302191 1
92625098 4
13724690 1
112596183 5
309813231 2
8890432 10
14743814 8
110844915 2
300739358 5
2925278 9
138073745 5
6518184 3
90119737 4
8460367 8
94091163 9
41753490 2
57521525 10
11373247 26
187004163 3
18189065 6
343293824 1
180029541 6
9369800 6
110844915 2
343293824 1
110844915 2
343293824 1
399448950 2
125271838 3
174974327 2
325876300 9
4141454 6
147686459 10
180781876 9
125576981 12
178535317 9
424545993 7
235269191 37
27531630 9
208358842 1
6032377 8
357148220 4
86692332 2
553956 9
204407083 12
142834208 11
322269123 84
12911507 2
29223892 1
1406124 13
49746318 2
265628175 1
49746318 3
217010884 3
265628175 1
54397539 4
20587484 15
90543749 3
373387266 9
54397539 10
5157415 21
373387266 7
145066703 7
41372273 5
41074608 8
15545864 6
15031170 12
273728463 18
144466329 4
340460070 15
116301292 5
10535683 1
88679179 6
166634625 4
10535683 9
4339057 7
158328283 1
20587484 38
321800085 1
195084149 17
319196595 2
266615620 4
55779619 8
289663369 1
27544288 4
340460070 14
21585120 14
340460070 3
83147489 12
63940920 11
273728463 6
5653387 4
21585120 6
18243524 1
201057887 4
3869784 23
1406124 14
3869784 5
61370982 6
70916308 7
5366909 33
63064601 3
32358070 17
63064601 5
82293782 1
63064601 21
41151386 7
82293782 7
41151386 10
82293782 12
53545001 7
63064601 82
238451318 3
156563817 31
42622098 5
63064601 62
21462343 19
275176389 5
12524190 4
220143649 9
19929332 7
42622098 22
51714141 1
12524190 40
42622098 58
12524190 10
34121027 6
5156309 74
12524190 20
43057878 21
142713323 9
80765698 8
5156309 17
225401591 2
191308698 4
57826433 6
166634625 17
57826433 45
366669694 9
45193974 6
83942468 8
120449027 4
57826433 10
57826433 18
364800210 27
23615489 12
169266851 3
2040458 4
67315500 6
2771080 7
424052758 4
7538674 1
250040294 4
165339875 13
270171726 4
181749756 14
18468367 7
138968730 8
292352640 2
276257314 1
286475432 3
382006923 5
213213349 4
29916008 10
399448950 5
131562032 4
117429126 5
66427913 2
264250798 6
86937445 7
156772351 6
264250798 6
139467864 7
118011839 6
2718845 1
26356498 4
26356498 2
97857762 3
17219778 4
4059997 14
40561372 3
33760776 5
860275 3
79176153 9
213564524 7
91646850 1
336338343 5
294137614 4
274846950 4
4561913 4
2458209 2
117429126 2
301407147 23
313565340 5
55217959 6
209020505 6
255248588 1
8431255 1
268639716 20
198529403 7
165339875 15
10493469 11
48804166 6
68389217 1
48804166 5
139797984 11
19381835 15
17457737 8
116909146 5
157678396 11
132103631 47
6671855 1
198013823 20
132103631 5
12104812 13
91187325 7
60911184 4
1980467 10
413439272 1
42229547 4
264725691 5
97217348 11
97217348 8
141049731 1
243933094 1
2925278 54
284066124 9
284066124 5
180781876 58
94290506 9
171866958 12
374671328 3
7861417 1
152502795 3
502146 10
77626152 13
180287046 60
364580028 3
11427480 3
90444001 11
94857712 8
147525817 9
322917201 6
151419637 11
264670115 3
9151409 9
16321896 12
367267081 3
120619052 12
222997532 11
11259626 4
345953167 7
90394279 4
54916557 4
48909166 1
24795765 7
329905379 7
16810331 9
413418 2
88595487 12
17437032 1
147299036 1
135921128 4
254790263 1
309417645 15
54861727 19
170116390 1
349825826 7
227425631 9
1470841 11
132141125 23
42896947 3
49194530 8
19598718 7
42896947 8
18270836 11
19598718 22
89383536 16
138039166 9
18270836 5
176171650 2
73767054 10
88595487 7
90156746 5
138698044 5
88595487 3
90156746 14
364940073 14
13637849 3
157577892 5
198870153 4
24716048 6
16668825 12
69644567 7
210824136 1
154358118 1
242344567 2
85785229 8
85523915 5
242344567 6
231924492 5
69644567 11
311223479 7
66330459 19
56320045 10
175444573 10
231924492 5
242344567 10
48570692 2
69644567 55
190248893 12
102315013 13
242344567 25
69644567 19
69644567 8
242344567 10
69644567 32
31234830 5
327331853 1
91593494 2
146918174 2
269986166 15
2049298 1
11015620 8
162194056 17
102315013 2
10857315 6
3166046 12
354424676 2
45487682 5
36278479 17
317544168 6
243457443 13
2049298 5
3166046 40
160342430 6
152154012 3
12840840 5
156461249 11
3166046 11
243457443 49
152154012 10
3166046 20
162194056 10
243457443 8
44500477 11
152154012 9
102315013 12
5804007 3
202471614 6
243457443 30
243457443 16
69644567 4
69644567 11
371010021 4
13368617 15
76517389 11
13368617 9
16464223 4
53092218 15
424235729 4
85785229 1
41497778 10
151957116 5
199854072 12
199854072 4
153465935 7
265562734 4
274302662 1
342134630 12
227772598 6
48111965 7
12020793 1
394766401 1
259330903 2
382622417 3
399448950 3
96503527 11
69644567 30
96503527 21
69644567 69
274302662 1
6585606 3
152481219 57
96503527 28
69644567 50
96503527 26
69644567 29
96503527 27
156552698 16
101451348 4
293380652 3
344565767 1
189309970 7
377197691 7
229792269 7
11521590 14
283973 3
16151229 1
28627427 6
184162976 6
16498271 9
42965290 6
264590958 18
52768743 6
2300247 9
150147686 2
150147686 5
172056348 10
307356651 4
357148220 5
153456 3
331390201 9
57297743 2
51648119 32
193290694 6
124255430 32
18529508 13
88937759 13
112601983 9
145066703 3
75079424 37
335935431 15
11991286 10
143581657 1
235550411 4
125576981 9
75079424 21
2148335 12
1603200 12
20092640 14
11991286 9
20092640 8
303626541 9
51648119 10
105923726 6
383756099 2
293380652 59
52768743 5
8391781 48
151670353 7
8391781 32
20092640 32
9854137 8
24012604 1
245608541 15
190248893 6
363643859 6
60842767 18
16321896 3
199854072 83
2991017 13
297787176 1
40338820 4
75079424 9
199854072 53
15668451 18
199854072 3
199854072 39
151700308 11
118673 9
141862042 14
7067064 24
123338414 1
192010021 7
38470207 8
225167779 13
51991097 22
18226490 4
143335231 4
90631497 1
104011531 11
248600094 3
51664475 9
51664475 14
2607102 5
341309684 12
66418822 20
38470207 9
80765698 12
404244438 1
305953173 20
176575292 13
424863132 3
260408694 17
159602531 42
420339183 6
214113761 5
214492810 18
6856461 8
163793137 3
2823972 6
182546289 6
223466164 2
8632691 2
131663956 5
18288693 8
18181417 5
131663956 20
145066703 8
226162294 4
53247989 1
207111086 2
369966081 3
86915699 3
392873618 2
1220595 11
43318404 17
242344567 3
2300247 2
255874245 4
8632691 16
145066703 14
226162294 11
366893934 6
199114000 5
294137614 8
128094891 5
255043266 33
270710565 2
137249828 20
145066703 2
410554334 4
139403558 2
96741892 4
351395092 2
293380652 7
226162294 12
1493094 9
11124555 15
22043880 17
163491441 18
156479539 2
86937445 5
35774528 5
22043880 2
35774528 16
21176512 14
383173837 6
23982529 5
40290442 3
16397275 10
312236648 10
28775429 12
16397275 4
176689743 6
18529508 13
295849863 4
399448950 2
347397425 14
52113951 7
142798712 2
224317817 41
325296540 6
141955453 6
325296540 14
141955453 19
325296540 22
336028763 2
3166046 28
66454377 1
20911868 6
356056673 5
3869784 3
347782792 24
234126944 6
58453008 4
423375758 6
43318404 7
420339183 1
73767054 13
13606070 25
18529508 9
380818605 13
73767054 3
232312584 2
49237638 1
43821329 8
33989836 1
89167216 1
278834017 1
250716968 1
16960326 9
89167216 1
165113515 1
189753833 2
14353316 2
78201435 1
122730294 1
161741831 1
178470566 1
183370404 1
213669550 1
211208492 6
405853606 1
43926454 1
9135399 1
7118768 1
5770487 1
182546430 1
118620172 1
34479667 1
195557517 1
189789947 2
99310864 1
114826247 8
72236977 1
12522868 1
262054946 2
192626010 0
80717844 1
116712316 3
49480263 3
342270203 45
51841055 15
319346235 0
377197691 1
355097217 0
39567496 3
73311754 3
27044504 1
60089921 1
155308291 2
113160874 1
253994662 23
69012303 1
168671366 2
39732177 1
12971563 0
257727949 1
178881270 1
6963473 5
124148568 0
86833710 5
135605533 1
271285 1
14910977 2
884198 1
422494145 1
11908101 1
124148568 0
55876622 1
178155399 0
167786177 2
82608290 1
12852378 0
214966348 1
218915314 1
1719528 1
233767082 1
321241318 1
50051742 6
291306110 1
25219239 0
12441942 1
29845679 1
249446724 1
3011505 0
21451657 1
215779676 2
92670345 13
153508177 1
184286056 1
180446411 1
108990772 2
190575989 2
380876579 1
272559972 1
12852378 1
146609910 1
89574177 1
197602490 1
2103712 1
142135580 1
160218907 1
377231687 1
51513686 1
167542108 1
90976471 1
66916387 2
162437613 2
51328130 1
135067354 4
79330620 1
137991150 4
79408433 3
48318266 6
347548478 1
221053350 4
9696655 2
50169488 3
139013720 1
91844021 2
90976471 0
8418343 2
35986453 4
291306110 1
6790985 1
182101352 9
108585780 5
162437613 3
240294995 3
145066703 9
158346934 4
30249244 9
357065687 4
91851905 7
14869495 5
409830919 5
31979049 12
42324815 3
398000929 20
281532050 13
107545374 4
132061626 2
62228905 4
116119718 3
138658101 7
12447026 1
33528104 2
109801467 2
331050673 6
261209683 3
295727859 8
154501924 2
144236934 0
193308113 6
67751733 1
395946382 5
212467517 5
328020174 1
133230202 1
419258661 2
187073578 1
7338456 1
259762989 7
387165697 1
138114091 1
165617528 2
36895023 4
46142357 5
134022700 3
83341514 3
385532281 2
158836906 1
82135838 2
64100665 1
267582632 2
167680758 3
349655431 3
420341100 5
55869594 3
378811463 19
13070613 0
339583487 1
6534797 2
221814530 1
172783473 2
137004260 0
63601719 2
13401497 4
286412897 3
168416731 1
77042481 4
142936154 5
215096599 3
23063887 15
205982974 12
370462668 6
172783473 1
358799630 0
137300837 8
157486882 2
7311189 2
140264374 1
233163560 1
144384023 5
228241647 7
53652175 2
1700860 3
267959426 4
2525058 1
373223509 2
33793493 5
32530292 4
133771856 2
169091905 7
273775713 10
857456 3
140128751 3
12319191 17
4797943 10
1211916 3
35305675 1
400603633 5
169091905 73
169433000 2
293380652 10
25270763 10
293380652 3
222861385 2
132695011 13
1700860 3
54211672 2
169091905 38
69973818 3
440477 6
142997191 1
16448080 34
6963473 2
6963473 2
169091905 39
12588479 6
399921 41
102728118 2
15042886 6
296449142 8
16448080 31
159211381 6
99177488 8
95784860 2
169091905 30
182826206 2
246440861 10
16448080 6
227094282 13
29341831 2
52768743 3
16448080 10
10425057 1
288756537 8
251362396 6
10425057 1
86947842 3
180905450 1
25021094 7
52768743 9
186315149 1
16448080 15
88149396 10
52768743 9
16448080 4
8801388 9
52768743 7
16448080 3
52768743 10
8801388 16
180905450 10
52768743 2
209126231 1
384588974 7
356189332 14
356189332 17
81407575 1
8801388 7
16448080 41
66205214 5
16448080 6
131485800 2
66205214 25
12069767 5
16448080 5
55793637 4
66205214 12
16448080 22
66205214 18
55793637 8
66205214 7
16448080 2
55793637 18
66205214 15
16448080 15
66205214 7
52768743 25
16448080 31
234873244 9
14115783 9
14759603 5
1449778 9
394829468 14
178856047 8
91725795 3
29394607 1
408926058 26
4156452 8
193838157 29
1050930 5
232090936 47
384076238 1
41753490 9
11521590 12
86937445 20
368268962 6
237693753 22
120944312 3
5845618 4
3303442 11
147983192 6
2318439 8
212467517 17
212467517 13
219259137 3
2190343 7
8035936 2
14733008 56
190248893 5
14733008 5
395023091 1
14733008 8
257585885 26
395023091 43
179000212 1
262842976 16
94742387 5
335262119 18
9522188 1
270726040 22
16162104 2
209556436 7
202844798 16
6425404 3
126617906 9
422319834 1
142686641 2
200057568 1
34439060 1
57310791 3
30847154 1
295410634 5
10021742 19
394829468 6
8720209 22
342282880 8
40750337 1
60175425 5
1924803 8
41003229 20
368268962 11
50979458 8
394829468 2
3872480 1
6425404 5
7926840 11
326707486 2
87980302 5
129783369 7
9204071 13
7926840 9
8735503 1
259705866 1
259705866 7
22480938 81
316563051 18
172651413 7
66447119 1
301696816 6
14538295 14
22480938 26
16899616 2
143055399 9
319214976 11
95108032 4
89375775 19
27780120 4
89375775 22
22480938 15
27780120 14
213306264 13
80951031 2
258221390 16
50706547 4
29394607 26
258221390 13
258221390 38
10021742 23
143063249 1
8135180 7
139078524 3
5963437 3
7803671 3
204860087 5
8135180 3
5921878 3
64537185 3
259619998 3
190728165 5
201469572 10
190728165 5
502146 13
196443335 3
502146 4
421835173 2
342270203 3
70553677 2
27619067 6
502146 11
269986166 18
196443335 5
269986166 2
196443335 7
269986166 2
196443335 4
203674570 6
54761598 2
33550112 11
17068734 8
256984591 1
183370404 5
250136431 6
194837065 7
316040222 15
88679179 8
250136431 7
316040222 9
365978293 9
11127007 10
34376482 4
37689421 21
111045088 2
69461672 4
794231 1
306729156 7
663473 7
27906489 10
8849218 10
58945387 5
15000942 12
21398746 5
269055359 37
135095040 1
208145752 9
67297947 2
12201414 6
72063566 20
31071472 4
369250485 1
790242 19
299856920 3
41444854 9
11127007 2
41444854 2
790242 19
13054168 1
297200904 11
30082687 10
308285 4
269055359 22
35565787 1
331050673 13
210348638 22
33269497 4
64537185 12
343377029 17
68529656 4
269055359 46
269055359 25
22812217 1
331050673 171
118073419 3
58215963 3
390654187 4
297288086 4
67946864 6
15000942 9
67946864 2
270726040 5
262842976 5
50739379 9
62311322 4
301552245 17
389162859 4
74643008 6
259297782 2
136885284 12
53747739 5
269055359 92
269055359 44
331050673 15
269055359 19
331050673 11
211809771 17
269055359 4
183322583 14
269055359 20
183322583 11
95108032 7
269055359 65
183322583 26
83616731 53
666071 11
666071 16
62956673 8
382347611 5
147686459 10
6745224 8
244724457 5
1847382 2
39583655 14
6745224 1
307919552 3
6745224 3
307919552 15
255043266 1
6745224 29
23355910 12
1847382 4
400159155 11
1847382 4
212944888 8
3294157 5
23355910 10
1847382 18
23355910 3
1847382 2
23355910 3
219687055 5
37291172 1
